   0.0000000000000000        72147960399.224899     
   1.0000000000000000E-014   68461936916.839500     
   2.0000000000000000E-014   65004885970.991219     
   2.9999999999999998E-014   61738029400.325851     
   4.0000000000000000E-014   58650878545.923729     
   5.0000000000000002E-014   55736245467.275299     
   5.9999999999999997E-014   52976248950.680496     
   7.0000000000000005E-014   50364957014.129654     
   8.0000000000000000E-014   47887188804.153572     
   8.9999999999999995E-014   45537531547.511253     
   1.0000000000000000E-013   43307729309.168449     
   1.1000000000000000E-013   41189588085.475670     
   1.1999999999999999E-013   39181649131.615692     
   1.3000000000000000E-013   37273723608.855156     
   1.4000000000000001E-013   35459070895.081398     
   1.4999999999999999E-013   33737754545.837158     
   1.6000000000000000E-013   32115834833.779461     
   1.7000000000000001E-013   30576028939.532818     
   1.7999999999999999E-013   29111200429.788830     
   1.9000000000000000E-013   27713574554.693901     
   2.0000000000000001E-013   26392738291.224777     
   2.0999999999999999E-013   25134243339.018219     
   2.2000000000000000E-013   23942000407.938007     
   2.2999999999999998E-013   22812029447.760559     
   2.3999999999999999E-013   21733376462.132553     
   2.4999999999999999E-013   20698236634.985992     
   2.6000000000000000E-013   19713132744.324726     
   2.7000000000000001E-013   18766384100.476006     
   2.8000000000000002E-013   17878087489.546185     
   2.8999999999999998E-013   17045631857.168270     
   2.9999999999999998E-013   16263426273.814863     
   3.0999999999999999E-013   15511526517.766979     
   3.2000000000000000E-013   14789401849.765175     
   3.3000000000000001E-013   14116987120.309233     
   3.4000000000000002E-013   13469789581.750292     
   3.5000000000000002E-013   12861015472.133236     
   3.5999999999999998E-013   12274658173.935389     
   3.6999999999999999E-013   11726016019.932800     
   3.8000000000000000E-013   11210672213.562426     
   3.9000000000000000E-013   10714314343.614464     
   4.0000000000000001E-013   10238873594.144184     
   4.1000000000000002E-013   9784373105.6376553     
   4.1999999999999998E-013   9346380544.3468246     
   4.2999999999999999E-013   8937941022.2301292     
   4.3999999999999999E-013   8541645321.7019110     
   4.5000000000000000E-013   8147299162.1231565     
   4.5999999999999996E-013   7770105759.9908323     
   4.7000000000000002E-013   7412099481.7857122     
   4.7999999999999997E-013   7078570936.8106422     
   4.9000000000000003E-013   6772717973.7439232     
   4.9999999999999999E-013   6482354915.8439360     
   5.1000000000000005E-013   6205590180.1217041     
   5.2000000000000001E-013   5947438631.2790813     
   5.2999999999999996E-013   5711571640.6514950     
   5.4000000000000002E-013   5485119231.4158287     
   5.4999999999999998E-013   5272610351.7683153     
   5.6000000000000004E-013   5061782757.6507921     
   5.6999999999999999E-013   4855383555.7476254     
   5.7999999999999995E-013   4662236801.6747808     
   5.9000000000000001E-013   4491962798.5946541     
   5.9999999999999997E-013   4334075823.9793291     
   6.1000000000000003E-013   4181938565.6166339     
   6.1999999999999998E-013   4023941220.1555524     
   6.3000000000000004E-013   3880868202.5034280     
   6.4000000000000000E-013   3755543122.4632506     
   6.4999999999999996E-013   3637954732.5740194     
   6.6000000000000001E-013   3516530995.8087606     
   6.6999999999999997E-013   3404853005.6444030     
   6.8000000000000003E-013   3300656479.6976380     
   6.8999999999999999E-013   3197846515.2191463     
   7.0000000000000005E-013   3109969517.2252407     
   7.1000000000000000E-013   3020975522.5913916     
   7.1999999999999996E-013   2937358114.7200651     
   7.3000000000000002E-013   2863257481.5114417     
   7.3999999999999998E-013   2773471275.9420338     
   7.5000000000000004E-013   2694790378.9121418     
   7.5999999999999999E-013   2615055455.5299816     
   7.6999999999999995E-013   2531716321.1958866     
   7.8000000000000001E-013   2461753945.6077824     
   7.8999999999999997E-013   2393801530.5260401     
   8.0000000000000002E-013   2333556157.3887653     
   8.0999999999999998E-013   2271568438.2482553     
   8.2000000000000004E-013   2215343382.2980814     
   8.3000000000000000E-013   2162436100.8389034     
   8.3999999999999995E-013   2118694532.3952625     
   8.5000000000000001E-013   2079943368.9838850     
   8.5999999999999997E-013   2045802546.6566288     
   8.7000000000000003E-013   2020511905.3574429     
   8.7999999999999999E-013   1990285896.0465879     
   8.9000000000000004E-013   1956251389.1982865     
   9.0000000000000000E-013   1922528728.3245370     
   9.0999999999999996E-013   1883423943.6369779     
   9.1999999999999992E-013   1844063742.9714861     
   9.3000000000000008E-013   1802234439.7773468     
   9.4000000000000003E-013   1763238214.7317054     
   9.4999999999999999E-013   1713437494.0272746     
   9.5999999999999995E-013   1660082475.0426838     
   9.6999999999999991E-013   1605664740.0226917     
   9.8000000000000007E-013   1556720098.5523071     
   9.9000000000000002E-013   1506827928.0466943     
   9.9999999999999998E-013   1449500267.0191147     
   1.0099999999999999E-012   1380375129.4842384     
   1.0200000000000001E-012   1324273543.4946201     
   1.0300000000000001E-012   1266089468.3519061     
   1.0400000000000000E-012   1218106949.7487609     
   1.0500000000000000E-012   1171098836.4322262     
   1.0599999999999999E-012   1145636056.7965755     
   1.0700000000000001E-012   1127334848.0526600     
   1.0800000000000000E-012   1110180066.1616364     
   1.0900000000000000E-012   1089240779.0785363     
   1.1000000000000000E-012   1068167901.9596361     
   1.1099999999999999E-012   1050449883.9057251     
   1.1200000000000001E-012   1036330534.7326151     
   1.1300000000000000E-012   1017051059.3755634     
   1.1400000000000000E-012   989469207.84873307     
   1.1499999999999999E-012   962352202.62919247     
   1.1599999999999999E-012   930993757.78234828     
   1.1700000000000001E-012   904175876.48204815     
   1.1800000000000000E-012   877728967.25971437     
   1.1900000000000000E-012   857173805.15966225     
   1.1999999999999999E-012   843157352.33432949     
   1.2100000000000001E-012   811010866.45161474     
   1.2200000000000001E-012   777898256.75256789     
   1.2300000000000000E-012   761574057.84984982     
   1.2400000000000000E-012   734502107.80231369     
   1.2499999999999999E-012   713290647.26317859     
   1.2600000000000001E-012   707046780.14834154     
   1.2700000000000000E-012   703255490.65591288     
   1.2800000000000000E-012   695371108.77386916     
   1.2900000000000000E-012   704895133.23798323     
   1.2999999999999999E-012   713688160.12519372     
   1.3100000000000001E-012   720869949.48459220     
   1.3200000000000000E-012   723495014.90826035     
   1.3300000000000000E-012   718050012.67822623     
   1.3399999999999999E-012   706280937.39063990     
   1.3499999999999999E-012   694013394.55157924     
   1.3600000000000001E-012   679167714.83057296     
   1.3700000000000000E-012   656582073.19450641     
   1.3800000000000000E-012   636632619.04261577     
   1.3899999999999999E-012   621073471.82528269     
   1.4000000000000001E-012   609659379.27207339     
   1.4100000000000001E-012   594364718.14281535     
   1.4200000000000000E-012   557373221.31860375     
   1.4300000000000000E-012   528307537.64618903     
   1.4399999999999999E-012   497348888.72397381     
   1.4500000000000001E-012   481990989.39675230     
   1.4600000000000000E-012   480457746.13068813     
   1.4700000000000000E-012   479665024.46851307     
   1.4800000000000000E-012   474524591.41388935     
   1.4899999999999999E-012   482848553.51218122     
   1.5000000000000001E-012   483417079.64102465     
   1.5100000000000000E-012   478264738.05323702     
   1.5200000000000000E-012   486955707.75363970     
   1.5299999999999999E-012   496884986.77607155     
   1.5399999999999999E-012   504376857.08821493     
   1.5500000000000001E-012   508703134.50125641     
   1.5600000000000000E-012   509630952.69784153     
   1.5700000000000000E-012   506989460.26988143     
   1.5799999999999999E-012   496742677.62772328     
   1.5900000000000001E-012   485106862.77425760     
   1.6000000000000000E-012   476569196.39833581     
   1.6100000000000000E-012   490999513.43536788     
   1.6200000000000000E-012   523855648.63630444     
   1.6299999999999999E-012   562390352.94845283     
   1.6400000000000001E-012   583906466.57731807     
   1.6500000000000000E-012   609253604.59842634     
   1.6600000000000000E-012   633522401.02482975     
   1.6700000000000000E-012   646768062.04488790     
   1.6799999999999999E-012   659480318.89007485     
   1.6900000000000001E-012   668312727.79528534     
   1.7000000000000000E-012   665389780.45499837     
   1.7100000000000000E-012   655357887.52506959     
   1.7199999999999999E-012   649086109.96431303     
   1.7299999999999999E-012   646332156.68880510     
   1.7400000000000001E-012   651550688.53098917     
   1.7500000000000000E-012   650333010.78427291     
   1.7600000000000000E-012   648342345.60186744     
   1.7699999999999999E-012   644204530.06006324     
   1.7800000000000001E-012   635934036.83025980     
   1.7900000000000000E-012   635255397.53332329     
   1.8000000000000000E-012   629445896.14982677     
   1.8100000000000000E-012   611538479.40731740     
   1.8199999999999999E-012   587622599.50236094     
   1.8300000000000001E-012   557664895.85345352     
   1.8399999999999998E-012   538248114.15792811     
   1.8500000000000000E-012   533834794.65819204     
   1.8600000000000002E-012   511074500.90036368     
   1.8699999999999999E-012   492393449.20253950     
   1.8800000000000001E-012   471261173.52405912     
   1.8899999999999998E-012   454622704.81657803     
   1.9000000000000000E-012   428736172.19064116     
   1.9100000000000001E-012   400746784.63750392     
   1.9199999999999999E-012   386157287.72957855     
   1.9300000000000001E-012   384365655.60593718     
   1.9399999999999998E-012   383813740.68652630     
   1.9500000000000000E-012   400173550.63171691     
   1.9600000000000001E-012   431131492.50193810     
   1.9699999999999999E-012   449258566.89174515     
   1.9800000000000000E-012   485176506.73406184     
   1.9899999999999998E-012   511232777.88435572     
   2.0000000000000000E-012   528262633.98347980     
   2.0100000000000001E-012   544215248.21637225     
   2.0199999999999999E-012   567219477.49404502     
   2.0300000000000000E-012   593773439.87780344     
   2.0400000000000002E-012   605213678.11801779     
   2.0499999999999999E-012   621834299.53426242     
   2.0600000000000001E-012   633659823.80135417     
   2.0699999999999999E-012   626921781.49319303     
   2.0800000000000000E-012   632923949.49549866     
   2.0900000000000002E-012   631724887.11324692     
   2.0999999999999999E-012   627660881.48017168     
   2.1100000000000001E-012   619586286.89465320     
   2.1199999999999999E-012   614932456.48311400     
   2.1300000000000000E-012   616741496.58304179     
   2.1400000000000002E-012   612343677.82736087     
   2.1499999999999999E-012   601429027.46065974     
   2.1600000000000001E-012   589087747.36472631     
   2.1699999999999998E-012   567195468.49783504     
   2.1800000000000000E-012   547157129.21624410     
   2.1900000000000002E-012   530985883.79314959     
   2.1999999999999999E-012   511712639.94539201     
   2.2100000000000001E-012   487712455.81965733     
   2.2199999999999998E-012   471119509.03659874     
   2.2300000000000000E-012   453539714.74048197     
   2.2400000000000001E-012   434851608.28127950     
   2.2499999999999999E-012   410934648.90614152     
   2.2600000000000001E-012   394695970.51503938     
   2.2699999999999998E-012   378864007.89861226     
   2.2800000000000000E-012   367149812.56171709     
   2.2900000000000001E-012   341000693.78075725     
   2.2999999999999999E-012   324485128.85352874     
   2.3100000000000001E-012   304823650.60397762     
   2.3199999999999998E-012   287378227.87302649     
   2.3300000000000000E-012   266427623.68320274     
   2.3400000000000001E-012   242457389.39076900     
   2.3499999999999999E-012   218577300.80116463     
   2.3600000000000000E-012   188042915.35263923     
   2.3699999999999998E-012   167889614.06607273     
   2.3800000000000000E-012   151948387.96639177     
   2.3900000000000001E-012   140775939.83432528     
   2.3999999999999999E-012   132807848.12877594     
   2.4100000000000000E-012   120323255.64160107     
   2.4200000000000002E-012   114697324.67410100     
   2.4299999999999999E-012   117821722.64417237     
   2.4400000000000001E-012   120809165.41952489     
   2.4499999999999999E-012   117735253.34889780     
   2.4600000000000000E-012   118764611.45050348     
   2.4700000000000002E-012   109536441.71433944     
   2.4799999999999999E-012   94508912.649912864     
   2.4900000000000001E-012   78494816.361459494     
   2.4999999999999998E-012   63806181.059452109     
   2.5100000000000000E-012   59011589.395341150     
   2.5200000000000002E-012   59099105.931077823     
   2.5299999999999999E-012   60309678.850067690     
   2.5400000000000001E-012   67074749.495634012     
   2.5499999999999998E-012   73700672.185855001     
   2.5600000000000000E-012   89408944.067358494     
   2.5700000000000002E-012   103037367.62278986     
   2.5799999999999999E-012   112816881.00620592     
   2.5900000000000001E-012   118880494.80076474     
   2.5999999999999998E-012   139208333.34783700     
   2.6100000000000000E-012   153191386.85366654     
   2.6200000000000001E-012   170921856.37833098     
   2.6299999999999999E-012   194179547.44263071     
   2.6400000000000001E-012   224713809.95064554     
   2.6499999999999998E-012   253268237.79347304     
   2.6600000000000000E-012   277489811.45827097     
   2.6700000000000001E-012   294747395.30701178     
   2.6799999999999999E-012   317806266.17230284     
   2.6900000000000000E-012   344068164.58440310     
   2.6999999999999998E-012   366694562.42740428     
   2.7100000000000000E-012   391947030.39079952     
   2.7200000000000001E-012   406651783.45525616     
   2.7299999999999999E-012   417830393.63726568     
   2.7400000000000000E-012   433521454.48521668     
   2.7500000000000002E-012   445907923.10651350     
   2.7600000000000000E-012   460318033.06478184     
   2.7700000000000001E-012   472617727.94457984     
   2.7799999999999999E-012   480728376.11158937     
   2.7900000000000000E-012   479965514.21487182     
   2.8000000000000002E-012   482617433.77134663     
   2.8099999999999999E-012   491584982.56228846     
   2.8200000000000001E-012   491223218.90799648     
   2.8299999999999999E-012   489945531.13313663     
   2.8400000000000000E-012   490110977.54258484     
   2.8500000000000002E-012   485589623.95231593     
   2.8599999999999999E-012   486982367.35738742     
   2.8700000000000001E-012   498436193.90446204     
   2.8799999999999998E-012   517892784.73550695     
   2.8900000000000000E-012   538183664.84686267     
   2.9000000000000002E-012   552077338.32036245     
   2.9099999999999999E-012   571870711.03016412     
   2.9200000000000001E-012   590841875.80199814     
   2.9299999999999998E-012   606243277.75236452     
   2.9400000000000000E-012   618872161.59556127     
   2.9500000000000002E-012   621245320.71211827     
   2.9599999999999999E-012   625483365.26624966     
   2.9700000000000001E-012   632564833.32116663     
   2.9799999999999998E-012   638370290.60280967     
   2.9900000000000000E-012   639936382.81832254     
   3.0000000000000001E-012   643184841.46493590     
   3.0099999999999999E-012   649221712.94878483     
   3.0200000000000001E-012   653106411.53173769     
   3.0299999999999998E-012   646265154.29170215     
   3.0400000000000000E-012   654242041.42779696     
   3.0500000000000001E-012   652457578.46247244     
   3.0599999999999999E-012   644666060.09031260     
   3.0700000000000000E-012   636101753.46122837     
   3.0799999999999998E-012   625708699.30195165     
   3.0900000000000000E-012   615344647.04400229     
   3.1000000000000001E-012   617774951.37644958     
   3.1099999999999999E-012   627097476.72938192     
   3.1200000000000000E-012   625481276.10549009     
   3.1300000000000002E-012   632392327.67926610     
   3.1399999999999999E-012   640277696.41737676     
   3.1500000000000001E-012   636671998.55712366     
   3.1599999999999999E-012   640701846.55219305     
   3.1700000000000000E-012   635569208.35539198     
   3.1800000000000002E-012   633325648.88414454     
   3.1899999999999999E-012   635078748.70096958     
   3.2000000000000001E-012   628181001.31435645     
   3.2099999999999999E-012   612963010.38534677     
   3.2200000000000000E-012   595372846.25387597     
   3.2300000000000002E-012   582231050.60588217     
   3.2399999999999999E-012   568356558.47783029     
   3.2500000000000001E-012   554887256.29586303     
   3.2599999999999998E-012   545493505.46190798     
   3.2700000000000000E-012   536395396.53391093     
   3.2800000000000002E-012   519924658.79325831     
   3.2899999999999999E-012   507811224.68947917     
   3.3000000000000001E-012   499798457.11610073     
   3.3099999999999998E-012   505324719.41100055     
   3.3200000000000000E-012   511223249.13924521     
   3.3300000000000001E-012   518282513.35708380     
   3.3399999999999999E-012   524768113.90552980     
   3.3500000000000001E-012   526674297.31012267     
   3.3599999999999998E-012   526467576.67840600     
   3.3700000000000000E-012   514873331.51025289     
   3.3800000000000001E-012   506439240.94139528     
   3.3899999999999999E-012   496811630.58437473     
   3.4000000000000001E-012   494880931.85691643     
   3.4099999999999998E-012   488751381.42600679     
   3.4200000000000000E-012   486397230.06438494     
   3.4300000000000001E-012   490124157.04287821     
   3.4399999999999999E-012   488571570.54924166     
   3.4500000000000000E-012   498673093.60059595     
   3.4599999999999998E-012   510921372.78146982     
   3.4700000000000000E-012   517039720.82838029     
   3.4800000000000001E-012   522850930.83342540     
   3.4899999999999999E-012   521015387.23803252     
   3.5000000000000000E-012   515304844.71267706     
   3.5100000000000002E-012   503114745.53091443     
   3.5199999999999999E-012   491199964.27713543     
   3.5300000000000001E-012   489131515.80479652     
   3.5399999999999999E-012   493261976.56789851     
   3.5500000000000000E-012   493514674.76843107     
   3.5600000000000002E-012   480796938.59110868     
   3.5699999999999999E-012   474632345.60303634     
   3.5800000000000001E-012   462875598.43010473     
   3.5899999999999998E-012   449539119.29856509     
   3.6000000000000000E-012   433150951.40285391     
   3.6100000000000002E-012   405783446.02049601     
   3.6199999999999999E-012   373720182.49074113     
   3.6300000000000001E-012   348344566.43815833     
   3.6399999999999998E-012   322398564.44323355     
   3.6500000000000000E-012   307025008.56977469     
   3.6600000000000002E-012   285704664.96529180     
   3.6700000000000003E-012   267801782.43749154     
   3.6799999999999997E-012   263637937.83905038     
   3.6899999999999998E-012   247624558.18984741     
   3.7000000000000000E-012   223050896.31927478     
   3.7100000000000001E-012   203561538.22171670     
   3.7200000000000003E-012   187059015.85759866     
   3.7299999999999997E-012   176557692.31675094     
   3.7399999999999998E-012   163733117.47474110     
   3.7500000000000000E-012   140169049.64620590     
   3.7600000000000001E-012   115146486.14793427     
   3.7700000000000003E-012   84792608.202921808     
   3.7799999999999996E-012   61673012.005410291     
   3.7899999999999998E-012   40514614.019845232     
   3.8000000000000000E-012   14570909.972806999     
   3.8100000000000001E-012  -14601327.933124775     
   3.8200000000000003E-012  -36187624.540304177     
   3.8299999999999996E-012  -52428139.052923515     
   3.8399999999999998E-012  -61238416.802869171     
   3.8500000000000000E-012  -81042498.232739612     
   3.8600000000000001E-012  -90791568.509549022     
   3.8700000000000003E-012  -107531381.91923945     
   3.8799999999999996E-012  -124852785.62041742     
   3.8899999999999998E-012  -142995832.50294858     
   3.8999999999999999E-012  -154838986.70100373     
   3.9100000000000001E-012  -173909332.00028339     
   3.9200000000000003E-012  -189265589.05173787     
   3.9299999999999996E-012  -190019675.05496520     
   3.9399999999999998E-012  -175762445.42745548     
   3.9499999999999999E-012  -166465959.80608115     
   3.9600000000000001E-012  -163253492.67878097     
   3.9700000000000002E-012  -162934085.06276160     
   3.9799999999999996E-012  -147153232.71490589     
   3.9899999999999998E-012  -127163059.78286330     
   3.9999999999999999E-012  -101297397.07182848     
   4.0100000000000001E-012  -86072754.740519017     
   4.0200000000000002E-012  -57685658.336975232     
   4.0300000000000004E-012  -38890338.154041789     
   4.0399999999999997E-012  -11214251.478084525     
   4.0499999999999999E-012   29525123.644493613     
   4.0600000000000001E-012   61249410.974725060     
   4.0700000000000002E-012   107827818.86028835     
   4.0800000000000004E-012   148402487.27637663     
   4.0899999999999997E-012   178958053.33250773     
   4.0999999999999999E-012   202952806.70845497     
   4.1100000000000001E-012   226215623.17473710     
   4.1200000000000002E-012   251827822.66478622     
   4.1300000000000004E-012   283196429.30108398     
   4.1399999999999997E-012   313540198.03722727     
   4.1499999999999999E-012   335406719.36430293     
   4.1600000000000000E-012   348536959.19291574     
   4.1700000000000002E-012   354452675.17549896     
   4.1800000000000004E-012   354452473.74453044     
   4.1899999999999997E-012   360301511.17230433     
   4.1999999999999999E-012   369692757.82170862     
   4.2100000000000000E-012   383525939.68450737     
   4.2200000000000002E-012   387929530.82561648     
   4.2300000000000004E-012   380723533.93557483     
   4.2399999999999997E-012   380347399.83516353     
   4.2499999999999999E-012   382334811.84625971     
   4.2600000000000000E-012   387821424.50411743     
   4.2700000000000002E-012   386865875.72179329     
   4.2800000000000003E-012   394480307.28738260     
   4.2899999999999997E-012   402130021.51877183     
   4.2999999999999999E-012   395487961.91977805     
   4.3100000000000000E-012   379422708.53367889     
   4.3200000000000002E-012   368668399.95124590     
   4.3300000000000003E-012   357780339.02744520     
   4.3399999999999997E-012   346847506.91444212     
   4.3499999999999998E-012   356287249.23711622     
   4.3600000000000000E-012   354619591.50040400     
   4.3700000000000002E-012   357838928.42368370     
   4.3800000000000003E-012   363283419.51885271     
   4.3899999999999997E-012   369814111.34662676     
   4.3999999999999998E-012   374625930.75059736     
   4.4100000000000000E-012   373591661.26863635     
   4.4200000000000001E-012   372038909.19275075     
   4.4300000000000003E-012   363396793.63557607     
   4.4399999999999997E-012   347397624.00229758     
   4.4499999999999998E-012   337211979.65960246     
   4.4600000000000000E-012   325006459.53285003     
   4.4700000000000001E-012   312747422.93788081     
   4.4800000000000003E-012   320975721.67993480     
   4.4899999999999996E-012   335265053.44913310     
   4.4999999999999998E-012   350125601.98077881     
   4.5100000000000000E-012   366725260.81356293     
   4.5200000000000001E-012   387712090.68860710     
   4.5300000000000003E-012   409038317.18730611     
   4.5399999999999996E-012   414454956.89361793     
   4.5499999999999998E-012   417525445.48806906     
   4.5600000000000000E-012   422218513.71036977     
   4.5700000000000001E-012   426959850.49610424     
   4.5800000000000003E-012   420675627.85786647     
   4.5899999999999996E-012   415094252.13381338     
   4.5999999999999998E-012   417582272.02024508     
   4.6099999999999999E-012   411156131.21579576     
   4.6200000000000001E-012   414266143.94813424     
   4.6300000000000003E-012   411689459.61605620     
   4.6399999999999996E-012   408000189.06259304     
   4.6499999999999998E-012   411860941.82488245     
   4.6599999999999999E-012   402174813.42652053     
   4.6700000000000001E-012   399491788.79478544     
   4.6800000000000003E-012   400902882.76363093     
   4.6899999999999996E-012   404382127.50808430     
   4.6999999999999998E-012   393438661.73764586     
   4.7099999999999999E-012   376216056.71467364     
   4.7200000000000001E-012   352023962.82715964     
   4.7300000000000002E-012   335741859.89693558     
   4.7399999999999996E-012   308795244.21468347     
   4.7499999999999998E-012   281100770.40743762     
   4.7599999999999999E-012   265988823.32165399     
   4.7700000000000001E-012   255855259.43686453     
   4.7800000000000002E-012   247680525.46590889     
   4.7900000000000004E-012   221373051.73273104     
   4.7999999999999997E-012   198034751.98831847     
   4.8099999999999999E-012   173443755.16317010     
   4.8200000000000001E-012   155825435.35248792     
   4.8300000000000002E-012   132350030.20139541     
   4.8400000000000004E-012   109641102.95300245     
   4.8499999999999997E-012   87137291.244720742     
   4.8599999999999999E-012   72448456.965327337     
   4.8700000000000000E-012   53254491.401341386     
   4.8800000000000002E-012   29830142.606015425     
   4.8900000000000004E-012   1785731.1893662619     
   4.8999999999999997E-012  -34581898.854560107     
   4.9099999999999999E-012  -64245752.075699173     
   4.9200000000000000E-012  -93477203.243024901     
   4.9300000000000002E-012  -124735171.72971503     
   4.9400000000000004E-012  -152625194.56744584     
   4.9499999999999997E-012  -178171671.34978926     
   4.9599999999999999E-012  -200512411.37153721     
   4.9700000000000000E-012  -226966145.62294653     
   4.9800000000000002E-012  -239305072.35546970     
   4.9900000000000003E-012  -251328059.66999570     
