   0.0000000000000000        75958979385.903870     
   1.0000000000000000E-014   73507280662.490921     
   2.0000000000000000E-014   71161884060.597412     
   2.9999999999999998E-014   68924512554.036209     
   4.0000000000000000E-014   66781753493.219559     
   5.0000000000000002E-014   64741360522.642479     
   5.9999999999999997E-014   62794235511.562012     
   7.0000000000000005E-014   60931980389.540054     
   8.0000000000000000E-014   59148555139.500053     
   8.9999999999999995E-014   57447849162.584457     
   1.0000000000000000E-013   55829150709.447853     
   1.1000000000000000E-013   54273970764.771149     
   1.1999999999999999E-013   52784051976.951408     
   1.3000000000000000E-013   51362004788.760513     
   1.4000000000000001E-013   50000134649.853714     
   1.4999999999999999E-013   48689171224.077072     
   1.6000000000000000E-013   47432086056.927711     
   1.7000000000000001E-013   46236163633.825012     
   1.7999999999999999E-013   45092557736.142220     
   1.9000000000000000E-013   43991851820.013954     
   2.0000000000000001E-013   42945913445.222649     
   2.0999999999999999E-013   41937068013.179451     
   2.2000000000000000E-013   40964924417.809601     
   2.2999999999999998E-013   40043157520.725822     
   2.3999999999999999E-013   39160133934.372963     
   2.4999999999999999E-013   38315329356.111427     
   2.6000000000000000E-013   37508787151.766579     
   2.7000000000000001E-013   36748617180.830009     
   2.8000000000000002E-013   36023768526.078354     
   2.8999999999999998E-013   35330964415.449097     
   2.9999999999999998E-013   34669405402.936111     
   3.0999999999999999E-013   34038989508.131577     
   3.2000000000000000E-013   33437126947.174927     
   3.3000000000000001E-013   32866782164.466957     
   3.4000000000000002E-013   32307046321.428726     
   3.5000000000000002E-013   31769635326.587124     
   3.5999999999999998E-013   31257032580.061749     
   3.6999999999999999E-013   30770810316.335377     
   3.8000000000000000E-013   30301039345.923698     
   3.9000000000000000E-013   29858909244.111973     
   4.0000000000000001E-013   29435245509.887135     
   4.1000000000000002E-013   29020334236.151688     
   4.1999999999999998E-013   28620499005.717461     
   4.2999999999999999E-013   28238838355.214779     
   4.3999999999999999E-013   27873417408.605721     
   4.5000000000000000E-013   27522306922.741295     
   4.5999999999999996E-013   27188266988.068039     
   4.7000000000000002E-013   26868872999.736115     
   4.7999999999999997E-013   26558678940.087265     
   4.9000000000000003E-013   26266051933.053413     
   4.9999999999999999E-013   25987240983.310959     
   5.1000000000000005E-013   25726748398.785637     
   5.2000000000000001E-013   25479044006.512024     
   5.2999999999999996E-013   25238814388.768764     
   5.4000000000000002E-013   25006465405.061619     
   5.4999999999999998E-013   24790275041.780754     
   5.6000000000000004E-013   24591584776.746422     
   5.6999999999999999E-013   24392701430.233398     
   5.7999999999999995E-013   24196531290.264252     
   5.9000000000000001E-013   24002816836.381287     
   5.9999999999999997E-013   23815384879.141769     
   6.1000000000000003E-013   23631354139.444027     
   6.1999999999999998E-013   23441540889.234661     
   6.3000000000000004E-013   23259001200.881596     
   6.4000000000000000E-013   23083787265.213051     
   6.4999999999999996E-013   22916806251.574203     
   6.6000000000000001E-013   22758505677.611343     
   6.6999999999999997E-013   22607320733.368908     
   6.8000000000000003E-013   22463351278.097874     
   6.8999999999999999E-013   22325455178.943428     
   7.0000000000000005E-013   22193287930.185699     
   7.1000000000000000E-013   22063546885.517937     
   7.1999999999999996E-013   21946606439.432655     
   7.3000000000000002E-013   21835642096.356010     
   7.3999999999999998E-013   21716553071.677872     
   7.5000000000000004E-013   21605736348.357555     
   7.5999999999999999E-013   21500983906.229721     
   7.6999999999999995E-013   21393584327.677948     
   7.8000000000000001E-013   21292051964.968163     
   7.8999999999999997E-013   21197197166.309166     
   8.0000000000000002E-013   21096043572.795216     
   8.0999999999999998E-013   20994743570.397591     
   8.2000000000000004E-013   20902060025.766273     
   8.3000000000000000E-013   20809293039.469910     
   8.3999999999999995E-013   20713783465.904667     
   8.5000000000000001E-013   20620196128.403103     
   8.5999999999999997E-013   20531488380.569923     
   8.7000000000000003E-013   20443520951.692844     
   8.7999999999999999E-013   20358848496.717503     
   8.9000000000000004E-013   20285109876.046143     
   9.0000000000000000E-013   20210168146.796349     
   9.0999999999999996E-013   20141742108.085438     
   9.1999999999999992E-013   20071613959.688919     
   9.3000000000000008E-013   20006375237.996994     
   9.4000000000000003E-013   19950769852.733459     
   9.4999999999999999E-013   19896613403.593277     
   9.5999999999999995E-013   19849605466.173336     
   9.6999999999999991E-013   19814626948.046528     
   9.8000000000000007E-013   19780675108.885651     
   9.9000000000000002E-013   19744822785.165974     
   9.9999999999999998E-013   19709224229.166309     
   1.0099999999999999E-012   19680344243.399593     
   1.0200000000000001E-012   19657957380.031597     
   1.0300000000000001E-012   19631971928.169785     
   1.0400000000000000E-012   19607174199.046097     
   1.0500000000000000E-012   19580129998.723660     
   1.0599999999999999E-012   19558241538.008682     
   1.0700000000000001E-012   19535188824.308624     
   1.0800000000000000E-012   19509133798.872097     
   1.0900000000000000E-012   19486146726.252300     
   1.1000000000000000E-012   19477025441.392128     
   1.1099999999999999E-012   19462048327.893223     
   1.1200000000000001E-012   19452037422.980980     
   1.1300000000000000E-012   19438838218.570454     
   1.1400000000000000E-012   19418503169.457176     
   1.1499999999999999E-012   19401119423.015083     
   1.1599999999999999E-012   19376255785.494644     
   1.1700000000000001E-012   19347085323.561668     
   1.1800000000000000E-012   19314588878.131721     
   1.1900000000000000E-012   19291702024.591423     
   1.1999999999999999E-012   19272495007.735901     
   1.2100000000000001E-012   19253088683.874348     
   1.2200000000000001E-012   19235377061.885567     
   1.2300000000000000E-012   19220394038.962303     
   1.2400000000000000E-012   19196006142.648922     
   1.2499999999999999E-012   19181439998.225201     
   1.2600000000000001E-012   19165631425.313560     
   1.2700000000000000E-012   19153227219.194195     
   1.2800000000000000E-012   19141635829.683205     
   1.2900000000000000E-012   19136913994.756901     
   1.2999999999999999E-012   19125277912.430691     
   1.3100000000000001E-012   19113473679.958168     
   1.3200000000000000E-012   19104296749.441818     
   1.3300000000000000E-012   19094179676.796570     
   1.3399999999999999E-012   19082034500.534214     
   1.3499999999999999E-012   19070425229.155975     
   1.3600000000000001E-012   19063701743.429646     
   1.3700000000000000E-012   19062756447.446857     
   1.3800000000000000E-012   19059178776.596394     
   1.3899999999999999E-012   19044736898.165771     
   1.4000000000000001E-012   19026936867.303177     
   1.4100000000000001E-012   19009479852.859043     
   1.4200000000000000E-012   18997659145.774208     
   1.4300000000000000E-012   18981963502.529491     
   1.4399999999999999E-012   18972783007.945869     
   1.4500000000000001E-012   18960334500.127777     
   1.4600000000000000E-012   18956328612.472164     
   1.4700000000000000E-012   18959265625.856312     
   1.4800000000000000E-012   18969859176.586906     
   1.4899999999999999E-012   18983378798.372299     
   1.5000000000000001E-012   18996675699.027714     
   1.5100000000000000E-012   19013198268.931965     
   1.5200000000000000E-012   19022509246.312737     
   1.5299999999999999E-012   19037010752.901077     
   1.5399999999999999E-012   19054870119.361965     
   1.5500000000000001E-012   19073259595.397358     
   1.5600000000000000E-012   19083523455.552341     
   1.5700000000000000E-012   19090258065.182491     
   1.5799999999999999E-012   19091333523.503582     
   1.5900000000000001E-012   19089163308.511581     
   1.6000000000000000E-012   19089346496.970669     
   1.6100000000000000E-012   19088730151.465214     
   1.6200000000000000E-012   19089201394.789333     
   1.6299999999999999E-012   19096657075.011845     
   1.6400000000000001E-012   19104112169.805462     
   1.6500000000000000E-012   19111357380.338203     
   1.6600000000000000E-012   19116849221.695362     
   1.6700000000000000E-012   19125831105.312637     
   1.6799999999999999E-012   19126850208.811684     
   1.6900000000000001E-012   19121415244.762360     
   1.7000000000000000E-012   19111225636.132267     
   1.7100000000000000E-012   19102597477.059036     
   1.7199999999999999E-012   19094809277.134064     
   1.7299999999999999E-012   19083610462.659019     
   1.7400000000000001E-012   19077553698.996021     
   1.7500000000000000E-012   19064228606.763062     
   1.7600000000000000E-012   19046811793.844509     
   1.7699999999999999E-012   19026534767.008282     
   1.7800000000000001E-012   19004726367.071659     
   1.7900000000000000E-012   18978160957.568886     
   1.8000000000000000E-012   18947195735.314384     
   1.8100000000000000E-012   18921606872.383892     
   1.8199999999999999E-012   18887889154.470753     
   1.8300000000000001E-012   18853370827.245941     
   1.8399999999999998E-012   18813684719.529865     
   1.8500000000000000E-012   18776909728.014534     
   1.8600000000000002E-012   18748798344.087505     
   1.8699999999999999E-012   18724013040.449627     
   1.8800000000000001E-012   18706318524.889107     
   1.8899999999999998E-012   18692218179.838711     
   1.9000000000000000E-012   18674384553.746689     
   1.9100000000000001E-012   18666611474.012012     
   1.9199999999999999E-012   18664746380.911488     
   1.9300000000000001E-012   18662569093.984215     
   1.9399999999999998E-012   18652337374.979008     
   1.9500000000000000E-012   18645754531.347282     
   1.9600000000000001E-012   18640757407.215511     
   1.9699999999999999E-012   18635606569.512211     
   1.9800000000000000E-012   18628511249.021740     
   1.9899999999999998E-012   18614544849.938068     
   2.0000000000000000E-012   18603249333.542313     
   2.0100000000000001E-012   18592799121.929367     
   2.0199999999999999E-012   18585567133.749294     
   2.0300000000000000E-012   18579248506.462673     
   2.0400000000000002E-012   18575798863.722458     
   2.0499999999999999E-012   18570750211.663124     
   2.0600000000000001E-012   18555528944.983196     
   2.0699999999999999E-012   18541112665.603477     
   2.0800000000000000E-012   18528683961.981289     
   2.0900000000000002E-012   18518287325.960945     
   2.0999999999999999E-012   18503748485.712101     
   2.1100000000000001E-012   18492799311.281448     
   2.1199999999999999E-012   18478819834.989346     
   2.1300000000000000E-012   18469506630.716164     
   2.1400000000000002E-012   18459404447.008747     
   2.1499999999999999E-012   18446947040.760414     
   2.1600000000000001E-012   18434296922.880085     
   2.1699999999999998E-012   18418778921.693645     
   2.1800000000000000E-012   18410706310.522396     
   2.1900000000000002E-012   18398380600.134945     
   2.1999999999999999E-012   18388817571.988029     
   2.2100000000000001E-012   18380288193.962315     
   2.2199999999999998E-012   18367618554.107906     
   2.2300000000000000E-012   18356193701.395393     
   2.2400000000000001E-012   18347045070.290176     
   2.2499999999999999E-012   18349831318.412197     
   2.2600000000000001E-012   18349387513.781906     
   2.2699999999999998E-012   18344951384.862011     
   2.2800000000000000E-012   18344953848.396774     
   2.2900000000000001E-012   18350022540.613274     
   2.2999999999999999E-012   18359105780.247688     
   2.3100000000000001E-012   18373519412.824539     
   2.3199999999999998E-012   18387211282.603283     
   2.3300000000000000E-012   18388497045.324928     
   2.3400000000000001E-012   18383078910.113400     
   2.3499999999999999E-012   18373509044.890945     
   2.3600000000000000E-012   18353203219.062569     
   2.3699999999999998E-012   18341207644.525085     
   2.3800000000000000E-012   18327567425.328392     
   2.3900000000000001E-012   18318152565.414879     
   2.3999999999999999E-012   18316981066.938663     
   2.4100000000000000E-012   18327226234.560928     
   2.4200000000000002E-012   18336563590.969925     
   2.4299999999999999E-012   18347373974.924721     
   2.4400000000000001E-012   18353170862.000259     
   2.4499999999999999E-012   18356346753.311142     
   2.4600000000000000E-012   18355837835.081417     
   2.4700000000000002E-012   18359303373.567635     
   2.4799999999999999E-012   18361173700.295105     
   2.4900000000000001E-012   18366950276.545757     
   2.4999999999999998E-012   18368795543.346127     
   2.5100000000000000E-012   18365119972.694401     
   2.5200000000000002E-012   18365577441.585632     
   2.5299999999999999E-012   18368388532.004795     
   2.5400000000000001E-012   18379175475.700577     
   2.5499999999999998E-012   18385723533.131409     
   2.5600000000000000E-012   18394015266.432777     
   2.5700000000000002E-012   18405691410.497791     
   2.5799999999999999E-012   18418554361.044292     
   2.5900000000000001E-012   18433325750.940319     
   2.5999999999999998E-012   18437689373.230793     
   2.6100000000000000E-012   18449920277.944500     
   2.6200000000000001E-012   18462662257.138824     
   2.6299999999999999E-012   18467529747.931393     
   2.6400000000000001E-012   18470910337.378227     
   2.6499999999999998E-012   18471544088.295612     
   2.6600000000000000E-012   18466133117.588921     
   2.6700000000000001E-012   18454530252.897583     
   2.6799999999999999E-012   18443615946.977161     
   2.6900000000000000E-012   18440944148.026737     
   2.6999999999999998E-012   18439297966.674751     
   2.7100000000000000E-012   18438756514.788170     
   2.7200000000000001E-012   18435847186.848606     
   2.7299999999999999E-012   18431486610.854984     
   2.7400000000000000E-012   18427890614.603134     
   2.7500000000000002E-012   18428859574.671978     
   2.7600000000000000E-012   18435228180.920364     
   2.7700000000000001E-012   18442054748.666599     
   2.7799999999999999E-012   18444522194.058956     
   2.7900000000000000E-012   18441665496.032135     
   2.8000000000000002E-012   18437889050.254112     
   2.8099999999999999E-012   18438014384.881145     
   2.8200000000000001E-012   18441467100.140629     
   2.8299999999999999E-012   18436730738.542973     
   2.8400000000000000E-012   18440493121.078541     
   2.8500000000000002E-012   18450651097.499954     
   2.8599999999999999E-012   18458746089.459320     
   2.8700000000000001E-012   18470910828.275524     
   2.8799999999999998E-012   18476337332.516541     
   2.8900000000000000E-012   18490287266.271580     
   2.9000000000000002E-012   18504102336.513321     
   2.9099999999999999E-012   18515515668.228619     
   2.9200000000000001E-012   18517748355.660309     
   2.9299999999999998E-012   18520887916.924461     
   2.9400000000000000E-012   18523669387.899734     
   2.9500000000000002E-012   18523585139.267178     
   2.9599999999999999E-012   18525566334.403313     
   2.9700000000000001E-012   18526027583.253513     
   2.9799999999999998E-012   18535495633.963058     
   2.9900000000000000E-012   18543917043.649788     
   3.0000000000000001E-012   18552359424.528221     
   3.0099999999999999E-012   18566647707.372375     
   3.0200000000000001E-012   18577156611.678310     
   3.0299999999999998E-012   18581423512.793236     
   3.0400000000000000E-012   18596011705.436916     
   3.0500000000000001E-012   18606978092.258434     
   3.0599999999999999E-012   18619026798.096382     
   3.0700000000000000E-012   18631355210.216934     
   3.0799999999999998E-012   18640805712.457993     
   3.0900000000000000E-012   18654753960.648853     
   3.1000000000000001E-012   18665579254.600960     
   3.1099999999999999E-012   18674438491.200443     
   3.1200000000000000E-012   18680666482.367859     
   3.1300000000000002E-012   18687819744.208176     
   3.1399999999999999E-012   18696150914.463562     
   3.1500000000000001E-012   18701173836.630280     
   3.1599999999999999E-012   18709677355.543961     
   3.1700000000000000E-012   18708813695.700230     
   3.1800000000000002E-012   18712960282.394791     
   3.1899999999999999E-012   18711418188.304024     
   3.2000000000000001E-012   18721932469.279987     
   3.2099999999999999E-012   18732215775.746159     
   3.2200000000000000E-012   18746043561.600422     
   3.2300000000000002E-012   18754251895.816624     
   3.2399999999999999E-012   18762694438.471355     
   3.2500000000000001E-012   18765288519.394310     
   3.2599999999999998E-012   18770503498.258533     
   3.2700000000000000E-012   18776179121.406681     
   3.2800000000000002E-012   18786673154.466381     
   3.2899999999999999E-012   18797047282.543022     
   3.3000000000000001E-012   18815758184.825893     
   3.3099999999999998E-012   18838786152.537418     
   3.3200000000000000E-012   18861996484.594349     
   3.3300000000000001E-012   18884349943.315563     
   3.3399999999999999E-012   18900778888.377613     
   3.3500000000000001E-012   18910045072.877506     
   3.3599999999999998E-012   18916943170.926319     
   3.3700000000000000E-012   18918233959.111065     
   3.3800000000000001E-012   18917435563.360962     
   3.3899999999999999E-012   18912950868.622688     
   3.4000000000000001E-012   18902417462.042027     
   3.4099999999999998E-012   18889831530.708729     
   3.4200000000000000E-012   18871243527.464989     
   3.4300000000000001E-012   18852053136.279358     
   3.4399999999999999E-012   18827276983.613178     
   3.4500000000000000E-012   18803969014.812603     
   3.4599999999999998E-012   18783872717.104008     
   3.4700000000000000E-012   18763499213.226765     
   3.4800000000000001E-012   18741607207.627987     
   3.4899999999999999E-012   18715103521.994259     
   3.5000000000000000E-012   18692917304.042820     
   3.5100000000000002E-012   18669674424.573254     
   3.5199999999999999E-012   18648200839.769875     
   3.5300000000000001E-012   18620542456.830814     
   3.5399999999999999E-012   18588242379.539127     
   3.5500000000000000E-012   18560072325.191856     
   3.5600000000000002E-012   18530383872.964787     
   3.5699999999999999E-012   18499160384.253456     
   3.5800000000000001E-012   18473636613.524734     
   3.5899999999999998E-012   18444947996.917179     
   3.6000000000000000E-012   18422243172.986332     
   3.6100000000000002E-012   18403855139.640312     
   3.6199999999999999E-012   18379375479.749435     
   3.6300000000000001E-012   18357905028.714737     
   3.6399999999999998E-012   18342355491.053242     
   3.6500000000000000E-012   18328622948.875908     
   3.6600000000000002E-012   18325562120.475811     
   3.6700000000000003E-012   18326785801.515266     
   3.6799999999999997E-012   18324130692.774075     
   3.6899999999999998E-012   18321654619.827400     
   3.7000000000000000E-012   18306959429.117710     
   3.7100000000000001E-012   18292923583.987251     
   3.7200000000000003E-012   18273240985.948982     
   3.7299999999999997E-012   18270175715.323849     
   3.7399999999999998E-012   18267814875.453812     
   3.7500000000000000E-012   18264315029.604343     
   3.7600000000000001E-012   18263767994.609039     
   3.7700000000000003E-012   18252052445.680889     
   3.7799999999999996E-012   18245920895.907635     
   3.7899999999999998E-012   18242682596.611629     
   3.8000000000000000E-012   18237459336.059448     
   3.8100000000000001E-012   18240889347.529190     
   3.8200000000000003E-012   18242556170.040302     
   3.8299999999999996E-012   18246504112.323166     
   3.8399999999999998E-012   18251946284.233810     
   3.8500000000000000E-012   18259824352.625652     
   3.8600000000000001E-012   18268214195.984028     
   3.8700000000000003E-012   18274563561.003288     
   3.8799999999999996E-012   18283323555.271255     
   3.8899999999999998E-012   18297903073.107460     
   3.8999999999999999E-012   18313702789.676891     
   3.9100000000000001E-012   18328361785.025749     
   3.9200000000000003E-012   18341776227.565189     
   3.9299999999999996E-012   18352420060.870052     
   3.9399999999999998E-012   18357487730.639149     
   3.9499999999999999E-012   18363060067.840412     
   3.9600000000000001E-012   18359107274.847466     
   3.9700000000000002E-012   18368842510.079498     
   3.9799999999999996E-012   18372761178.049191     
   3.9899999999999998E-012   18376696651.694271     
   3.9999999999999999E-012   18376389321.881786     
   4.0100000000000001E-012   18374723928.796879     
   4.0200000000000002E-012   18384165193.414982     
   4.0300000000000004E-012   18401349974.569595     
   4.0399999999999997E-012   18424174246.044155     
   4.0499999999999999E-012   18446138662.689648     
   4.0600000000000001E-012   18466513830.677692     
   4.0700000000000002E-012   18485944525.221130     
   4.0800000000000004E-012   18501956277.426388     
   4.0899999999999997E-012   18516774752.218842     
   4.0999999999999999E-012   18528150020.909191     
   4.1100000000000001E-012   18537799347.932182     
   4.1200000000000002E-012   18554551735.865826     
   4.1300000000000004E-012   18567810430.297184     
   4.1399999999999997E-012   18578422838.162983     
   4.1499999999999999E-012   18582910513.966560     
   4.1600000000000000E-012   18590195442.909393     
   4.1700000000000002E-012   18591722390.454796     
   4.1800000000000004E-012   18596139839.164482     
   4.1899999999999997E-012   18602502100.434551     
   4.1999999999999999E-012   18608274880.335354     
   4.2100000000000000E-012   18614190474.117271     
   4.2200000000000002E-012   18615379502.415413     
   4.2300000000000004E-012   18615732014.638752     
   4.2399999999999997E-012   18613457681.738392     
   4.2499999999999999E-012   18607865740.542450     
   4.2600000000000000E-012   18604454329.284702     
   4.2700000000000002E-012   18600822905.101181     
   4.2800000000000003E-012   18600019247.754925     
   4.2899999999999997E-012   18588645913.612160     
   4.2999999999999999E-012   18580919532.474251     
   4.3100000000000000E-012   18573353964.272755     
   4.3200000000000002E-012   18563949498.939434     
   4.3300000000000003E-012   18558541924.075649     
   4.3399999999999997E-012   18554201701.212418     
   4.3499999999999998E-012   18552903608.677422     
   4.3600000000000000E-012   18545623896.892593     
   4.3700000000000002E-012   18538079844.815914     
   4.3800000000000003E-012   18533155672.714378     
   4.3899999999999997E-012   18521865924.780537     
   4.3999999999999998E-012   18517718164.703747     
   4.4100000000000000E-012   18516570675.565220     
   4.4200000000000001E-012   18518670744.258968     
   4.4300000000000003E-012   18521450154.432587     
   4.4399999999999997E-012   18528098403.452648     
   4.4499999999999998E-012   18538384403.619801     
   4.4600000000000000E-012   18549241140.371284     
   4.4700000000000001E-012   18557845189.079151     
   4.4800000000000003E-012   18564596097.723835     
   4.4899999999999996E-012   18570190450.259567     
   4.4999999999999998E-012   18568025127.909584     
   4.5100000000000000E-012   18567162413.360394     
   4.5200000000000001E-012   18565235434.825089     
   4.5300000000000003E-012   18562434885.364784     
   4.5399999999999996E-012   18562150757.879826     
   4.5499999999999998E-012   18551543639.295326     
   4.5600000000000000E-012   18540218768.384884     
   4.5700000000000001E-012   18531114250.963680     
   4.5800000000000003E-012   18526470350.737774     
   4.5899999999999996E-012   18531240471.671112     
   4.5999999999999998E-012   18529070217.491505     
   4.6099999999999999E-012   18523265878.566944     
   4.6200000000000001E-012   18516787367.401291     
   4.6300000000000003E-012   18506873631.644657     
   4.6399999999999996E-012   18498422027.508984     
   4.6499999999999998E-012   18479926205.464668     
   4.6599999999999999E-012   18466358189.867886     
   4.6700000000000001E-012   18458045128.809097     
   4.6800000000000003E-012   18445252459.786842     
   4.6899999999999996E-012   18435268465.093113     
   4.6999999999999998E-012   18430321506.650059     
   4.7099999999999999E-012   18427117039.041855     
   4.7200000000000001E-012   18428389974.623383     
   4.7300000000000002E-012   18428211778.941486     
   4.7399999999999996E-012   18431948576.900105     
   4.7499999999999998E-012   18444279943.035522     
   4.7599999999999999E-012   18461824024.454765     
   4.7700000000000001E-012   18471622866.446522     
   4.7800000000000002E-012   18490459633.423328     
   4.7900000000000004E-012   18510671358.440525     
   4.7999999999999997E-012   18535730276.452888     
   4.8099999999999999E-012   18557459468.416702     
   4.8200000000000001E-012   18578800630.240242     
   4.8300000000000002E-012   18599747922.702393     
   4.8400000000000004E-012   18624549915.734417     
   4.8499999999999997E-012   18653021541.434525     
   4.8599999999999999E-012   18675112802.629848     
   4.8700000000000000E-012   18700210374.803970     
   4.8800000000000002E-012   18721422408.736828     
   4.8900000000000004E-012   18740150622.754185     
   4.8999999999999997E-012   18759672540.688709     
   4.9099999999999999E-012   18783733304.547386     
   4.9200000000000000E-012   18807158927.362083     
   4.9300000000000002E-012   18828328219.133221     
   4.9400000000000004E-012   18849805736.868366     
   4.9499999999999997E-012   18865530126.766140     
   4.9599999999999999E-012   18889005037.717072     
   4.9700000000000000E-012   18913621173.182850     
   4.9800000000000002E-012   18936738929.749027     
   4.9900000000000003E-012   18957094882.628277     
