   0.0000000000000000        68493082307.503098     
   1.0000000000000000E-014   67507275271.565094     
   2.0000000000000000E-014   66556855034.186745     
   2.9999999999999998E-014   65639377254.720528     
   4.0000000000000000E-014   64752358966.989754     
   5.0000000000000002E-014   63893006729.532097     
   5.9999999999999997E-014   63053769125.841614     
   7.0000000000000005E-014   62237593632.730942     
   8.0000000000000000E-014   61444687568.317848     
   8.9999999999999995E-014   60679108622.828072     
   1.0000000000000000E-013   59934565574.311096     
   1.1000000000000000E-013   59212365082.797295     
   1.1999999999999999E-013   58513061289.121658     
   1.3000000000000000E-013   57833960731.689445     
   1.4000000000000001E-013   57176455056.572990     
   1.4999999999999999E-013   56534289321.375114     
   1.6000000000000000E-013   55911415536.641121     
   1.7000000000000001E-013   55304291774.264046     
   1.7999999999999999E-013   54711879302.731644     
   1.9000000000000000E-013   54136099996.804375     
   2.0000000000000001E-013   53577142522.294968     
   2.0999999999999999E-013   53030350759.096771     
   2.2000000000000000E-013   52493572054.997520     
   2.2999999999999998E-013   51967321992.997986     
   2.3999999999999999E-013   51452231497.869614     
   2.4999999999999999E-013   50949781069.913544     
   2.6000000000000000E-013   50464505014.601028     
   2.7000000000000001E-013   49993932840.052658     
   2.8000000000000002E-013   49539909415.492065     
   2.8999999999999998E-013   49098379010.955048     
   2.9999999999999998E-013   48664114209.806572     
   3.0999999999999999E-013   48240891549.318657     
   3.2000000000000000E-013   47828310243.222366     
   3.3000000000000001E-013   47424050960.978210     
   3.4000000000000002E-013   47030778027.031120     
   3.5000000000000002E-013   46643071530.788147     
   3.5999999999999998E-013   46266080518.343628     
   3.6999999999999999E-013   45893304409.822395     
   3.8000000000000000E-013   45531346737.789139     
   3.9000000000000000E-013   45179529323.035576     
   4.0000000000000001E-013   44834219331.017616     
   4.1000000000000002E-013   44495658290.271927     
   4.1999999999999998E-013   44161121746.891129     
   4.2999999999999999E-013   43833171397.582146     
   4.3999999999999999E-013   43512362161.375374     
   4.5000000000000000E-013   43199369977.104332     
   4.5999999999999996E-013   42889191469.754669     
   4.7000000000000002E-013   42580501319.039131     
   4.7999999999999997E-013   42276766287.558418     
   4.9000000000000003E-013   41975072317.307816     
   4.9999999999999999E-013   41683509693.474075     
   5.1000000000000005E-013   41397900339.688507     
   5.2000000000000001E-013   41118623469.960350     
   5.2999999999999996E-013   40844519820.782593     
   5.4000000000000002E-013   40575518010.105736     
   5.4999999999999998E-013   40314888547.533768     
   5.6000000000000004E-013   40061299417.289154     
   5.6999999999999999E-013   39811937050.536469     
   5.7999999999999995E-013   39569263504.475266     
   5.9000000000000001E-013   39327740789.528008     
   5.9999999999999997E-013   39086719211.839836     
   6.1000000000000003E-013   38849385938.658638     
   6.1999999999999998E-013   38615926520.896133     
   6.3000000000000004E-013   38384903774.964600     
   6.4000000000000000E-013   38155660635.624107     
   6.4999999999999996E-013   37928354565.975044     
   6.6000000000000001E-013   37707919253.710175     
   6.6999999999999997E-013   37491872675.597496     
   6.8000000000000003E-013   37275972750.520966     
   6.8999999999999999E-013   37066248393.437057     
   7.0000000000000005E-013   36859686367.506226     
   7.1000000000000000E-013   36653857124.005310     
   7.1999999999999996E-013   36453174043.232536     
   7.3000000000000002E-013   36255833028.002487     
   7.3999999999999998E-013   36061433967.865089     
   7.5000000000000004E-013   35870547505.637016     
   7.5999999999999999E-013   35680984338.467255     
   7.6999999999999995E-013   35496031613.635155     
   7.8000000000000001E-013   35310777045.985985     
   7.8999999999999997E-013   35127986906.341621     
   8.0000000000000002E-013   34946154261.958931     
   8.0999999999999998E-013   34765390343.951157     
   8.2000000000000004E-013   34586415110.728065     
   8.3000000000000000E-013   34413543820.307480     
   8.3999999999999995E-013   34246571174.669857     
   8.5000000000000001E-013   34082683391.704964     
   8.5999999999999997E-013   33921941547.606991     
   8.7000000000000003E-013   33764056883.837040     
   8.7999999999999999E-013   33608356371.770988     
   8.9000000000000004E-013   33455064081.248367     
   9.0000000000000000E-013   33303702849.966732     
   9.0999999999999996E-013   33155300946.073662     
   9.1999999999999992E-013   33006567386.283092     
   9.3000000000000008E-013   32859048587.958054     
   9.4000000000000003E-013   32713532211.872532     
   9.4999999999999999E-013   32572551248.564568     
   9.5999999999999995E-013   32431940714.783417     
   9.6999999999999991E-013   32293732133.392330     
   9.8000000000000007E-013   32157065657.249496     
   9.9000000000000002E-013   32020959155.148941     
   9.9999999999999998E-013   31884678891.391926     
   1.0099999999999999E-012   31752277981.501537     
   1.0200000000000001E-012   31624244069.410889     
   1.0300000000000001E-012   31499613762.696056     
   1.0400000000000000E-012   31375545414.838112     
   1.0500000000000000E-012   31253160843.209286     
   1.0599999999999999E-012   31132332848.451962     
   1.0700000000000001E-012   31011500166.706131     
   1.0800000000000000E-012   30892834059.565044     
   1.0900000000000000E-012   30778371592.925739     
   1.1000000000000000E-012   30664052705.323421     
   1.1099999999999999E-012   30548250835.248192     
   1.1200000000000001E-012   30431532866.224155     
   1.1300000000000000E-012   30318386920.878036     
   1.1400000000000000E-012   30208135633.321976     
   1.1499999999999999E-012   30096368450.298466     
   1.1599999999999999E-012   29987721550.882679     
   1.1700000000000001E-012   29878711235.621780     
   1.1800000000000000E-012   29770240585.275688     
   1.1900000000000000E-012   29659761144.060833     
   1.1999999999999999E-012   29548787602.318810     
   1.2100000000000001E-012   29440426349.842087     
   1.2200000000000001E-012   29331485260.761917     
   1.2300000000000000E-012   29224501046.987450     
   1.2400000000000000E-012   29118297693.185989     
   1.2499999999999999E-012   29015471012.588268     
   1.2600000000000001E-012   28911511474.320713     
   1.2700000000000000E-012   28811469239.514820     
   1.2800000000000000E-012   28714665435.210232     
   1.2900000000000000E-012   28619428140.442505     
   1.2999999999999999E-012   28526440267.309429     
   1.3100000000000001E-012   28433675761.827583     
   1.3200000000000000E-012   28343677264.470421     
   1.3300000000000000E-012   28258746732.111645     
   1.3399999999999999E-012   28175229998.877121     
   1.3499999999999999E-012   28094993741.189342     
   1.3600000000000001E-012   28013766865.790981     
   1.3700000000000000E-012   27932810537.637772     
   1.3800000000000000E-012   27852425332.923157     
   1.3899999999999999E-012   27773952988.967472     
   1.4000000000000001E-012   27698921533.253681     
   1.4100000000000001E-012   27624239469.689949     
   1.4200000000000000E-012   27552216913.916687     
   1.4300000000000000E-012   27483643871.134121     
   1.4399999999999999E-012   27413249025.716358     
   1.4500000000000001E-012   27340790193.504074     
   1.4600000000000000E-012   27264966253.820892     
   1.4700000000000000E-012   27190289905.663578     
   1.4800000000000000E-012   27116586861.601044     
   1.4899999999999999E-012   27042923259.189373     
   1.5000000000000001E-012   26969458550.549381     
   1.5100000000000000E-012   26895107389.278301     
   1.5200000000000000E-012   26824133784.612942     
   1.5299999999999999E-012   26755194858.966465     
   1.5399999999999999E-012   26687404581.799843     
   1.5500000000000001E-012   26618836463.342522     
   1.5600000000000000E-012   26551035179.579567     
   1.5700000000000000E-012   26485836914.819489     
   1.5799999999999999E-012   26418376747.550945     
   1.5900000000000001E-012   26351113801.621246     
   1.6000000000000000E-012   26284775923.892109     
   1.6100000000000000E-012   26215193020.747570     
   1.6200000000000000E-012   26145181610.740608     
   1.6299999999999999E-012   26079171208.239628     
   1.6400000000000001E-012   26016462771.549541     
   1.6500000000000000E-012   25952386804.952610     
   1.6600000000000000E-012   25887103035.779758     
   1.6700000000000000E-012   25822046555.450073     
   1.6799999999999999E-012   25758917633.197090     
   1.6900000000000001E-012   25695794086.500759     
   1.7000000000000000E-012   25631244267.495213     
   1.7100000000000000E-012   25568900059.018536     
   1.7199999999999999E-012   25512066174.241936     
   1.7299999999999999E-012   25453818603.073429     
   1.7400000000000001E-012   25397900074.713398     
   1.7500000000000000E-012   25339807486.002468     
   1.7600000000000000E-012   25284861347.558197     
   1.7699999999999999E-012   25232751256.703205     
   1.7800000000000001E-012   25184941789.080879     
   1.7900000000000000E-012   25136731648.842094     
   1.8000000000000000E-012   25089684202.083282     
   1.8100000000000000E-012   25048723988.555229     
   1.8199999999999999E-012   25006985830.696091     
   1.8300000000000001E-012   24964133968.122772     
   1.8399999999999998E-012   24921099856.267685     
   1.8500000000000000E-012   24877566929.460979     
   1.8600000000000002E-012   24836118439.381268     
   1.8699999999999999E-012   24797769322.728981     
   1.8800000000000001E-012   24757624695.770191     
   1.8899999999999998E-012   24717980717.108021     
   1.9000000000000000E-012   24679222999.872417     
   1.9100000000000001E-012   24640429786.677814     
   1.9199999999999999E-012   24600750698.793743     
   1.9300000000000001E-012   24563074883.939739     
   1.9399999999999998E-012   24527610923.459911     
   1.9500000000000000E-012   24493727072.999741     
   1.9600000000000001E-012   24458873365.496395     
   1.9699999999999999E-012   24422244499.009457     
   1.9800000000000000E-012   24386429940.684368     
   1.9899999999999998E-012   24353348158.848385     
   2.0000000000000000E-012   24318381056.679176     
   2.0100000000000001E-012   24282050235.996067     
   2.0199999999999999E-012   24243926030.376526     
   2.0300000000000000E-012   24205388775.639202     
   2.0400000000000002E-012   24167876070.817383     
   2.0499999999999999E-012   24129551363.803219     
   2.0600000000000001E-012   24089074595.030956     
   2.0699999999999999E-012   24050417484.141903     
   2.0800000000000000E-012   24010954650.911114     
   2.0900000000000002E-012   23970770673.185452     
   2.0999999999999999E-012   23930061608.641148     
   2.1100000000000001E-012   23890559059.284485     
   2.1199999999999999E-012   23852772466.290829     
   2.1300000000000000E-012   23816168991.128666     
   2.1400000000000002E-012   23783883023.561005     
   2.1499999999999999E-012   23748969044.165508     
   2.1600000000000001E-012   23714662049.036747     
   2.1699999999999998E-012   23680831294.430389     
   2.1800000000000000E-012   23646942557.838036     
   2.1900000000000002E-012   23611144028.375626     
   2.1999999999999999E-012   23578356658.320389     
   2.2100000000000001E-012   23546756196.532169     
   2.2199999999999998E-012   23517204869.521164     
   2.2300000000000000E-012   23488565615.716702     
   2.2400000000000001E-012   23463232954.171860     
   2.2499999999999999E-012   23436618443.412476     
   2.2600000000000001E-012   23408028347.097775     
   2.2699999999999998E-012   23377339241.402565     
   2.2800000000000000E-012   23346325973.310024     
   2.2900000000000001E-012   23314625170.042210     
   2.2999999999999999E-012   23283323931.751667     
   2.3100000000000001E-012   23253200533.544003     
   2.3199999999999998E-012   23220664672.811161     
   2.3300000000000000E-012   23189676242.621445     
   2.3400000000000001E-012   23159192639.030937     
   2.3499999999999999E-012   23132536788.518978     
   2.3600000000000000E-012   23102512164.654163     
   2.3699999999999998E-012   23076243422.756950     
   2.3800000000000000E-012   23050675451.860340     
   2.3900000000000001E-012   23023008552.309822     
   2.3999999999999999E-012   22992922723.164768     
   2.4100000000000000E-012   22961576373.372318     
   2.4200000000000002E-012   22932303690.337185     
   2.4299999999999999E-012   22901036448.480923     
   2.4400000000000001E-012   22868889723.931801     
   2.4499999999999999E-012   22841188226.308941     
   2.4600000000000000E-012   22815168929.628036     
   2.4700000000000002E-012   22791519913.584137     
   2.4799999999999999E-012   22767242380.781563     
   2.4900000000000001E-012   22745158185.391903     
   2.4999999999999998E-012   22719871820.130173     
   2.5100000000000000E-012   22696451148.883350     
   2.5200000000000002E-012   22670038376.040722     
   2.5299999999999999E-012   22642578062.519802     
   2.5400000000000001E-012   22618663468.796638     
   2.5499999999999998E-012   22592628240.575901     
   2.5600000000000000E-012   22566077124.464046     
   2.5700000000000002E-012   22541199600.193298     
   2.5799999999999999E-012   22516091794.261177     
   2.5900000000000001E-012   22492975645.763283     
   2.5999999999999998E-012   22468460528.217274     
   2.6100000000000000E-012   22445244304.778328     
   2.6200000000000001E-012   22425213693.694050     
   2.6299999999999999E-012   22396488441.905418     
   2.6400000000000001E-012   22369482951.238625     
   2.6499999999999998E-012   22345775003.346409     
   2.6600000000000000E-012   22323220589.937702     
   2.6700000000000001E-012   22300495198.919342     
   2.6799999999999999E-012   22278684966.724037     
   2.6900000000000000E-012   22255026077.245834     
   2.6999999999999998E-012   22232298153.126663     
   2.7100000000000000E-012   22210524690.083088     
   2.7200000000000001E-012   22191063985.756657     
   2.7299999999999999E-012   22173478189.077976     
   2.7400000000000000E-012   22154956890.677227     
   2.7500000000000002E-012   22137520510.600174     
   2.7600000000000000E-012   22124723516.209206     
   2.7700000000000001E-012   22115080554.252110     
   2.7799999999999999E-012   22103477374.856571     
   2.7900000000000000E-012   22094016871.987965     
   2.8000000000000002E-012   22088441116.697975     
   2.8099999999999999E-012   22083743193.354366     
   2.8200000000000001E-012   22080333501.138363     
   2.8299999999999999E-012   22073669070.929531     
   2.8400000000000000E-012   22063411159.851898     
   2.8500000000000002E-012   22054480730.986889     
   2.8599999999999999E-012   22045773807.559364     
   2.8700000000000001E-012   22038609528.643250     
   2.8799999999999998E-012   22031452347.745907     
   2.8900000000000000E-012   22024329992.669376     
   2.9000000000000002E-012   22015162400.937695     
   2.9099999999999999E-012   22003703327.678074     
   2.9200000000000001E-012   21993831610.627598     
   2.9299999999999998E-012   21984650911.763580     
   2.9400000000000000E-012   21977824558.482426     
   2.9500000000000002E-012   21972035519.106026     
   2.9599999999999999E-012   21964778941.112331     
   2.9700000000000001E-012   21959046518.653568     
   2.9799999999999998E-012   21948610304.789627     
   2.9900000000000000E-012   21935170778.240898     
   3.0000000000000001E-012   21920892704.080883     
   3.0099999999999999E-012   21906139785.210640     
   3.0200000000000001E-012   21894599586.753040     
   3.0299999999999998E-012   21885309992.621078     
   3.0400000000000000E-012   21875591176.421810     
   3.0500000000000001E-012   21866646664.840405     
   3.0599999999999999E-012   21857202651.080570     
   3.0700000000000000E-012   21845935988.589695     
   3.0799999999999998E-012   21833340083.615685     
   3.0900000000000000E-012   21821240567.394695     
   3.1000000000000001E-012   21806681752.632839     
   3.1099999999999999E-012   21793021122.873837     
   3.1200000000000000E-012   21778048772.264301     
   3.1300000000000002E-012   21765621365.616264     
   3.1399999999999999E-012   21753496742.424267     
   3.1500000000000001E-012   21743619982.528236     
   3.1599999999999999E-012   21736130418.964718     
   3.1700000000000000E-012   21732217722.406879     
   3.1800000000000002E-012   21726730471.830814     
   3.1899999999999999E-012   21719406510.075294     
   3.2000000000000001E-012   21712853689.911846     
   3.2099999999999999E-012   21707338900.563412     
   3.2200000000000000E-012   21700014351.401646     
   3.2300000000000002E-012   21696861570.868900     
   3.2399999999999999E-012   21693887835.613461     
   3.2500000000000001E-012   21687509831.352779     
   3.2599999999999998E-012   21682627712.565029     
   3.2700000000000000E-012   21679047889.892437     
   3.2800000000000002E-012   21675123041.981239     
   3.2899999999999999E-012   21672152028.368095     
   3.3000000000000001E-012   21666476338.910000     
   3.3099999999999998E-012   21654370628.048512     
   3.3200000000000000E-012   21645578435.850201     
   3.3300000000000001E-012   21636785145.409794     
   3.3399999999999999E-012   21628721579.510120     
   3.3500000000000001E-012   21620409852.178688     
   3.3599999999999998E-012   21611868289.555115     
   3.3700000000000000E-012   21604319056.565075     
   3.3800000000000001E-012   21594989273.279865     
   3.3899999999999999E-012   21584255986.747356     
   3.4000000000000001E-012   21574871701.347847     
   3.4099999999999998E-012   21564281580.067974     
   3.4200000000000000E-012   21554523787.164497     
   3.4300000000000001E-012   21544272215.457485     
   3.4399999999999999E-012   21533967913.604870     
   3.4500000000000000E-012   21520267418.452724     
   3.4599999999999998E-012   21505035990.985878     
   3.4700000000000000E-012   21491929504.026917     
   3.4800000000000001E-012   21478850995.631695     
   3.4899999999999999E-012   21468722836.426941     
   3.5000000000000000E-012   21458742993.963680     
   3.5100000000000002E-012   21447399455.852646     
   3.5199999999999999E-012   21437770627.429783     
   3.5300000000000001E-012   21431232052.626400     
   3.5399999999999999E-012   21427393324.294353     
   3.5500000000000000E-012   21424373045.971958     
   3.5600000000000002E-012   21420766117.473175     
   3.5699999999999999E-012   21416388027.810314     
   3.5800000000000001E-012   21408745722.657631     
   3.5899999999999998E-012   21403808262.440903     
   3.6000000000000000E-012   21398347746.110546     
   3.6100000000000002E-012   21393977420.429401     
   3.6199999999999999E-012   21387478100.445061     
   3.6300000000000001E-012   21378618253.992481     
   3.6399999999999998E-012   21372597513.987083     
   3.6500000000000000E-012   21367136802.890427     
   3.6600000000000002E-012   21361549747.387871     
   3.6700000000000003E-012   21356294244.962639     
   3.6799999999999997E-012   21349834165.394081     
   3.6899999999999998E-012   21341021968.542645     
   3.7000000000000000E-012   21330721856.585957     
   3.7100000000000001E-012   21319777156.506187     
   3.7200000000000003E-012   21310324458.323757     
   3.7299999999999997E-012   21297711886.356236     
   3.7399999999999998E-012   21283857702.797600     
   3.7500000000000000E-012   21269279845.477234     
   3.7600000000000001E-012   21255425843.383385     
   3.7700000000000003E-012   21240446211.288109     
   3.7799999999999996E-012   21229371243.665905     
   3.7899999999999998E-012   21221070550.517403     
   3.8000000000000000E-012   21213641415.980682     
   3.8100000000000001E-012   21204046658.734127     
   3.8200000000000003E-012   21195303141.293274     
   3.8299999999999996E-012   21185921462.439068     
   3.8399999999999998E-012   21177983642.630714     
   3.8500000000000000E-012   21168832406.220943     
   3.8600000000000001E-012   21158028820.194977     
   3.8700000000000003E-012   21149790149.254402     
   3.8799999999999996E-012   21139449365.841419     
   3.8899999999999998E-012   21129270405.575676     
   3.8999999999999999E-012   21117531049.425426     
   3.9100000000000001E-012   21110086209.329945     
   3.9200000000000003E-012   21102680133.970043     
   3.9299999999999996E-012   21095689558.093433     
   3.9399999999999998E-012   21089054038.731216     
   3.9499999999999999E-012   21086635360.720448     
   3.9600000000000001E-012   21083454609.796131     
   3.9700000000000002E-012   21080825474.764675     
   3.9799999999999996E-012   21079868224.049976     
   3.9899999999999998E-012   21077617117.671642     
   3.9999999999999999E-012   21076605476.305222     
   4.0100000000000001E-012   21075437247.961609     
   4.0200000000000002E-012   21074211854.821255     
   4.0300000000000004E-012   21068669013.978729     
   4.0399999999999997E-012   21066130306.512901     
   4.0499999999999999E-012   21060075088.227268     
   4.0600000000000001E-012   21057661234.568550     
   4.0700000000000002E-012   21056073472.212822     
   4.0800000000000004E-012   21054539508.397865     
   4.0899999999999997E-012   21053381753.572552     
   4.0999999999999999E-012   21055520096.306358     
   4.1100000000000001E-012   21059504347.740238     
   4.1200000000000002E-012   21064728423.424984     
   4.1300000000000004E-012   21069683495.526146     
   4.1399999999999997E-012   21076003401.067451     
   4.1499999999999999E-012   21083645542.723961     
   4.1600000000000000E-012   21088953448.899170     
   4.1700000000000002E-012   21094057001.022854     
   4.1800000000000004E-012   21100744112.808384     
   4.1899999999999997E-012   21107718213.751331     
   4.1999999999999999E-012   21114400198.317978     
   4.2100000000000000E-012   21121937736.985340     
   4.2200000000000002E-012   21128492358.848560     
   4.2300000000000004E-012   21130731924.504646     
   4.2399999999999997E-012   21132128595.263645     
   4.2499999999999999E-012   21129279122.094913     
   4.2600000000000000E-012   21125622408.773392     
   4.2700000000000002E-012   21121620352.112831     
   4.2800000000000003E-012   21118189864.870319     
   4.2899999999999997E-012   21119665142.551174     
   4.2999999999999999E-012   21123648162.366013     
   4.3100000000000000E-012   21127206853.203865     
   4.3200000000000002E-012   21130274504.364265     
   4.3300000000000003E-012   21129152133.022388     
   4.3399999999999997E-012   21127395638.299152     
   4.3499999999999998E-012   21124366563.770016     
   4.3600000000000000E-012   21120774187.768234     
   4.3700000000000002E-012   21117686015.861103     
   4.3800000000000003E-012   21114785185.586399     
   4.3899999999999997E-012   21109174475.700699     
   4.3999999999999998E-012   21103673993.962811     
   4.4100000000000000E-012   21096742251.065586     
   4.4200000000000001E-012   21089978360.419106     
   4.4300000000000003E-012   21081252639.025921     
   4.4399999999999997E-012   21071496507.045765     
   4.4499999999999998E-012   21064797780.176682     
   4.4600000000000000E-012   21058229489.386391     
   4.4700000000000001E-012   21052082855.113220     
   4.4800000000000003E-012   21048107725.167458     
   4.4899999999999996E-012   21046910685.535912     
   4.4999999999999998E-012   21048479096.832024     
   4.5100000000000000E-012   21050520581.396103     
   4.5200000000000001E-012   21051525259.602146     
   4.5300000000000003E-012   21052412257.058434     
   4.5399999999999996E-012   21052489018.217640     
   4.5499999999999998E-012   21052603691.740868     
   4.5600000000000000E-012   21052551899.222065     
   4.5700000000000001E-012   21054919180.314346     
   4.5800000000000003E-012   21058742547.883106     
   4.5899999999999996E-012   21062597345.971626     
   4.5999999999999998E-012   21070113619.391609     
   4.6099999999999999E-012   21078176732.708065     
   4.6200000000000001E-012   21084514277.414452     
   4.6300000000000003E-012   21086964738.594429     
   4.6399999999999996E-012   21088687412.930996     
   4.6499999999999998E-012   21092395009.404488     
   4.6599999999999999E-012   21098704296.258091     
   4.6700000000000001E-012   21108029747.818237     
   4.6800000000000003E-012   21114799784.522221     
   4.6899999999999996E-012   21123427767.176125     
   4.6999999999999998E-012   21132365041.644760     
   4.7099999999999999E-012   21142012768.808937     
   4.7200000000000001E-012   21151768542.364414     
   4.7300000000000002E-012   21162058725.645527     
   4.7399999999999996E-012   21169286846.731754     
   4.7499999999999998E-012   21179112006.220268     
   4.7599999999999999E-012   21192147059.921104     
   4.7700000000000001E-012   21203039572.476849     
   4.7800000000000002E-012   21216795511.983986     
   4.7900000000000004E-012   21230095586.872120     
   4.7999999999999997E-012   21242704279.600769     
   4.8099999999999999E-012   21256313915.955105     
   4.8200000000000001E-012   21271813203.069889     
   4.8300000000000002E-012   21288828232.791683     
   4.8400000000000004E-012   21306021915.721642     
   4.8499999999999997E-012   21325331685.276867     
   4.8599999999999999E-012   21340946444.853073     
   4.8700000000000000E-012   21360275916.845554     
   4.8800000000000002E-012   21381066742.898888     
   4.8900000000000004E-012   21402751954.918041     
   4.8999999999999997E-012   21426877390.966293     
   4.9099999999999999E-012   21452816950.575005     
   4.9200000000000000E-012   21479659164.764275     
   4.9300000000000002E-012   21504973811.724911     
   4.9400000000000004E-012   21526307520.549290     
   4.9499999999999997E-012   21547595405.174824     
   4.9599999999999999E-012   21568827619.086536     
   4.9700000000000000E-012   21589785566.477417     
   4.9800000000000002E-012   21606105061.118725     
   4.9900000000000003E-012   21622786622.112625     
