   0.0000000000000000        79278808506.728745     
   1.0000000000000000E-014   76668238293.811966     
   2.0000000000000000E-014   74168044456.981918     
   2.9999999999999998E-014   71780966961.081558     
   4.0000000000000000E-014   69496976239.835907     
   5.0000000000000002E-014   67307463116.359589     
   5.9999999999999997E-014   65201003407.489044     
   7.0000000000000005E-014   63180473818.484093     
   8.0000000000000000E-014   61252637698.853325     
   8.9999999999999995E-014   59406018664.606110     
   1.0000000000000000E-013   57624914566.327263     
   1.1000000000000000E-013   55912094290.318680     
   1.1999999999999999E-013   54274769810.239433     
   1.3000000000000000E-013   52704010151.469681     
   1.4000000000000001E-013   51191749423.270355     
   1.4999999999999999E-013   49741598112.556900     
   1.6000000000000000E-013   48351498743.248344     
   1.7000000000000001E-013   47015453562.991615     
   1.7999999999999999E-013   45719062723.342941     
   1.9000000000000000E-013   44476461062.338577     
   2.0000000000000001E-013   43292346744.071724     
   2.0999999999999999E-013   42145752227.388046     
   2.2000000000000000E-013   41041402865.569878     
   2.2999999999999998E-013   39977703634.104630     
   2.3999999999999999E-013   38952992902.192024     
   2.4999999999999999E-013   37950044533.924355     
   2.6000000000000000E-013   36982285284.170738     
   2.7000000000000001E-013   36054535276.813255     
   2.8000000000000002E-013   35155966753.775291     
   2.8999999999999998E-013   34275132087.899845     
   2.9999999999999998E-013   33423642237.971508     
   3.0999999999999999E-013   32591165653.064224     
   3.2000000000000000E-013   31786318522.128014     
   3.3000000000000001E-013   31000147324.125694     
   3.4000000000000002E-013   30243465518.843063     
   3.5000000000000002E-013   29499331044.678486     
   3.5999999999999998E-013   28776828187.287598     
   3.6999999999999999E-013   28072226150.295879     
   3.8000000000000000E-013   27384169885.020561     
   3.9000000000000000E-013   26724758302.973015     
   4.0000000000000001E-013   26089260088.356941     
   4.1000000000000002E-013   25467046074.808456     
   4.1999999999999998E-013   24863760014.604111     
   4.2999999999999999E-013   24289352519.956131     
   4.3999999999999999E-013   23731742815.148277     
   4.5000000000000000E-013   23194777855.973324     
   4.5999999999999996E-013   22677187193.186024     
   4.7000000000000002E-013   22163873646.355972     
   4.7999999999999997E-013   21665206232.529682     
   4.9000000000000003E-013   21183928608.168167     
   4.9999999999999999E-013   20718039860.333096     
   5.1000000000000005E-013   20264401336.086594     
   5.2000000000000001E-013   19824076761.922096     
   5.2999999999999996E-013   19399236050.552338     
   5.4000000000000002E-013   18992153182.501965     
   5.4999999999999998E-013   18599317858.292873     
   5.6000000000000004E-013   18224703399.543404     
   5.6999999999999999E-013   17861512632.965244     
   5.7999999999999995E-013   17505629739.161423     
   5.9000000000000001E-013   17153656183.210386     
   5.9999999999999997E-013   16811449804.418598     
   6.1000000000000003E-013   16474587106.760109     
   6.1999999999999998E-013   16152027349.930321     
   6.3000000000000004E-013   15838860504.968233     
   6.4000000000000000E-013   15527839201.463768     
   6.4999999999999996E-013   15223067259.644136     
   6.6000000000000001E-013   14925657357.403521     
   6.6999999999999997E-013   14636583721.572025     
   6.8000000000000003E-013   14350036731.511116     
   6.8999999999999999E-013   14074354947.462824     
   7.0000000000000005E-013   13811440316.862326     
   7.1000000000000000E-013   13554334362.817213     
   7.1999999999999996E-013   13307864713.157370     
   7.3000000000000002E-013   13058302998.078474     
   7.3999999999999998E-013   12815758834.236351     
   7.5000000000000004E-013   12577640236.712301     
   7.5999999999999999E-013   12339164140.319407     
   7.6999999999999995E-013   12108258414.645390     
   7.8000000000000001E-013   11881070414.577370     
   7.8999999999999997E-013   11662998965.188366     
   8.0000000000000002E-013   11443471670.151522     
   8.0999999999999998E-013   11235034594.094063     
   8.2000000000000004E-013   11034095803.433781     
   8.3000000000000000E-013   10827884912.119492     
   8.3999999999999995E-013   10628337984.626965     
   8.5000000000000001E-013   10433815731.522522     
   8.5999999999999997E-013   10245454100.617258     
   8.7000000000000003E-013   10063688597.626997     
   8.7999999999999999E-013   9891122956.2379646     
   8.9000000000000004E-013   9731051892.6798897     
   9.0000000000000000E-013   9578220037.2530212     
   9.0999999999999996E-013   9426395142.1714153     
   9.1999999999999992E-013   9278017433.5846214     
   9.3000000000000008E-013   9122981502.9984226     
   9.4000000000000003E-013   8971172052.9338398     
   9.4999999999999999E-013   8816350313.3490086     
   9.5999999999999995E-013   8671372229.3782520     
   9.6999999999999991E-013   8528302314.7310705     
   9.8000000000000007E-013   8385700818.0874624     
   9.9000000000000002E-013   8245094393.7414818     
   9.9999999999999998E-013   8106628171.5637283     
   1.0099999999999999E-012   7963517670.4802799     
   1.0200000000000001E-012   7831932474.1574373     
   1.0300000000000001E-012   7706541375.3430672     
   1.0400000000000000E-012   7586857224.6060305     
   1.0500000000000000E-012   7474344208.4448776     
   1.0599999999999999E-012   7361715617.5100470     
   1.0700000000000001E-012   7247355181.9017143     
   1.0800000000000000E-012   7137633651.8099060     
   1.0900000000000000E-012   7030777079.5505390     
   1.1000000000000000E-012   6933083979.8639231     
   1.1099999999999999E-012   6840207853.0581722     
   1.1200000000000001E-012   6747701471.4834452     
   1.1300000000000000E-012   6654960530.9194202     
   1.1400000000000000E-012   6556887735.1758642     
   1.1499999999999999E-012   6454572122.7489481     
   1.1599999999999999E-012   6350766385.2478237     
   1.1700000000000001E-012   6258364116.5162802     
   1.1800000000000000E-012   6166346144.6179953     
   1.1900000000000000E-012   6077457833.0256481     
   1.1999999999999999E-012   5998852496.6426735     
   1.2100000000000001E-012   5919992084.6546946     
   1.2200000000000001E-012   5837865764.3883362     
   1.2300000000000000E-012   5754631286.1672354     
   1.2400000000000000E-012   5670217898.6279945     
   1.2499999999999999E-012   5588906625.3620625     
   1.2600000000000001E-012   5508680640.9797802     
   1.2700000000000000E-012   5422076109.3081560     
   1.2800000000000000E-012   5336700743.8006001     
   1.2900000000000000E-012   5244808092.7071533     
   1.2999999999999999E-012   5151946718.8119783     
   1.3100000000000001E-012   5053182539.1173897     
   1.3200000000000000E-012   4945627962.9008627     
   1.3300000000000000E-012   4842456005.4847050     
   1.3399999999999999E-012   4746858713.3529444     
   1.3499999999999999E-012   4655193610.3914375     
   1.3600000000000001E-012   4563987352.7765665     
   1.3700000000000000E-012   4473277954.3773632     
   1.3800000000000000E-012   4383885788.2459288     
   1.3899999999999999E-012   4294739861.6869402     
   1.4000000000000001E-012   4206871356.5345592     
   1.4100000000000001E-012   4124483727.8859863     
   1.4200000000000000E-012   4045156697.6792550     
   1.4300000000000000E-012   3980111850.2400956     
   1.4399999999999999E-012   3918688862.2209172     
   1.4500000000000001E-012   3856357240.7809520     
   1.4600000000000000E-012   3797353405.7952318     
   1.4700000000000000E-012   3739367825.8456621     
   1.4800000000000000E-012   3683055818.4777980     
   1.4899999999999999E-012   3627038572.0543880     
   1.5000000000000001E-012   3574392782.6192150     
   1.5100000000000000E-012   3520228320.6134119     
   1.5200000000000000E-012   3471377079.6438975     
   1.5299999999999999E-012   3423404897.0152593     
   1.5399999999999999E-012   3375298954.1034093     
   1.5500000000000001E-012   3335859203.5026073     
   1.5600000000000000E-012   3297857684.8618546     
   1.5700000000000000E-012   3259005637.9639878     
   1.5799999999999999E-012   3222644900.2931933     
   1.5900000000000001E-012   3177238256.1525760     
   1.6000000000000000E-012   3138316833.0550098     
   1.6100000000000000E-012   3103841710.7738085     
   1.6200000000000000E-012   3068494270.8831878     
   1.6299999999999999E-012   3032592938.9644318     
   1.6400000000000001E-012   3003268744.8146162     
   1.6500000000000000E-012   2980158195.2551870     
   1.6600000000000000E-012   2958316726.6965647     
   1.6700000000000000E-012   2944369114.7716203     
   1.6799999999999999E-012   2929674165.8940406     
   1.6900000000000001E-012   2907406544.0658255     
   1.7000000000000000E-012   2879326778.9091744     
   1.7100000000000000E-012   2849352526.0122628     
   1.7199999999999999E-012   2821038727.5070362     
   1.7299999999999999E-012   2791101519.5004745     
   1.7400000000000001E-012   2764003564.5094790     
   1.7500000000000000E-012   2728633352.0947213     
   1.7600000000000000E-012   2692489005.7930732     
   1.7699999999999999E-012   2655367676.2830529     
   1.7800000000000001E-012   2619380908.3770242     
   1.7900000000000000E-012   2583941870.8673377     
   1.8000000000000000E-012   2553949573.3584065     
   1.8100000000000000E-012   2532081240.3275695     
   1.8199999999999999E-012   2504837505.1736321     
   1.8300000000000001E-012   2470462483.8520322     
   1.8399999999999998E-012   2427751451.5944705     
   1.8500000000000000E-012   2387361094.2287650     
   1.8600000000000002E-012   2354632590.7192841     
   1.8699999999999999E-012   2326989715.1057730     
   1.8800000000000001E-012   2301406333.4314437     
   1.8899999999999998E-012   2275417492.8412623     
   1.9000000000000000E-012   2245559454.6466737     
   1.9100000000000001E-012   2226176807.6034293     
   1.9199999999999999E-012   2212279006.5165977     
   1.9300000000000001E-012   2195484225.5036073     
   1.9399999999999998E-012   2186414207.2869062     
   1.9500000000000000E-012   2179830813.8090496     
   1.9600000000000001E-012   2168844205.5967264     
   1.9699999999999999E-012   2157682185.3793311     
   1.9800000000000000E-012   2151430973.3978877     
   1.9899999999999998E-012   2146539292.3748517     
   2.0000000000000000E-012   2141683429.9492724     
   2.0100000000000001E-012   2136895254.5315681     
   2.0199999999999999E-012   2137599216.8000624     
   2.0300000000000000E-012   2140749164.6558137     
   2.0400000000000002E-012   2140491180.1677971     
   2.0499999999999999E-012   2143259076.3739004     
   2.0600000000000001E-012   2143736980.7862959     
   2.0699999999999999E-012   2148718617.8866925     
   2.0800000000000000E-012   2150343114.2270937     
   2.0900000000000002E-012   2155218572.1928864     
   2.0999999999999999E-012   2151602929.8276496     
   2.1100000000000001E-012   2144254453.9259596     
   2.1199999999999999E-012   2138549444.8221436     
   2.1300000000000000E-012   2131418221.5551300     
   2.1400000000000002E-012   2132511695.4174931     
   2.1499999999999999E-012   2130503746.7282197     
   2.1600000000000001E-012   2128929718.1562870     
   2.1699999999999998E-012   2133627927.7891479     
   2.1800000000000000E-012   2145614955.1684935     
   2.1900000000000002E-012   2167743568.6396456     
   2.1999999999999999E-012   2182427891.7806373     
   2.2100000000000001E-012   2192969583.9024973     
   2.2199999999999998E-012   2194578713.0968146     
   2.2300000000000000E-012   2205875097.5220981     
   2.2400000000000001E-012   2213706813.0866423     
   2.2499999999999999E-012   2223559123.6106501     
   2.2600000000000001E-012   2235214510.8841114     
   2.2699999999999998E-012   2244525702.4523396     
   2.2800000000000000E-012   2255707864.6440330     
   2.2900000000000001E-012   2255706195.9388623     
   2.2999999999999999E-012   2258266274.9179597     
   2.3100000000000001E-012   2250461984.7692647     
   2.3199999999999998E-012   2239260876.0267668     
   2.3300000000000000E-012   2223461131.1288915     
   2.3400000000000001E-012   2213419346.2788677     
   2.3499999999999999E-012   2206409539.8165865     
   2.3600000000000000E-012   2196982437.9433126     
   2.3699999999999998E-012   2190201572.9518514     
   2.3800000000000000E-012   2190805733.4542489     
   2.3900000000000001E-012   2187614471.4012699     
   2.3999999999999999E-012   2188714590.6438894     
   2.4100000000000000E-012   2194259987.5862417     
   2.4200000000000002E-012   2192841928.6458836     
   2.4299999999999999E-012   2187651153.9912667     
   2.4400000000000001E-012   2188202138.9257989     
   2.4499999999999999E-012   2199296508.3715477     
   2.4600000000000000E-012   2218925208.9913836     
   2.4700000000000002E-012   2240712234.5869274     
   2.4799999999999999E-012   2257135996.3579154     
   2.4900000000000001E-012   2275886439.8938212     
   2.4999999999999998E-012   2297826520.4933853     
   2.5100000000000000E-012   2314930151.5354114     
   2.5200000000000002E-012   2330662425.4856687     
   2.5299999999999999E-012   2337233240.3202882     
   2.5400000000000001E-012   2344703099.5668430     
   2.5499999999999998E-012   2360921882.1340485     
   2.5600000000000000E-012   2372311633.3171167     
   2.5700000000000002E-012   2390851810.2840371     
   2.5799999999999999E-012   2407910078.7459102     
   2.5900000000000001E-012   2423824420.7543879     
   2.5999999999999998E-012   2437046949.7894363     
   2.6100000000000000E-012   2442703211.2083287     
   2.6200000000000001E-012   2452479983.8550196     
   2.6299999999999999E-012   2462041700.3713069     
   2.6400000000000001E-012   2467091868.3525343     
   2.6499999999999998E-012   2471708472.7995634     
   2.6600000000000000E-012   2472096136.6537924     
   2.6700000000000001E-012   2462749941.9541268     
   2.6799999999999999E-012   2455575851.9977002     
   2.6900000000000000E-012   2451285134.9809923     
   2.6999999999999998E-012   2441953093.5094523     
   2.7100000000000000E-012   2443835451.9985752     
   2.7200000000000001E-012   2440955267.6239557     
   2.7299999999999999E-012   2434408616.5409245     
   2.7400000000000000E-012   2435200213.3700490     
   2.7500000000000002E-012   2433294842.6118593     
   2.7600000000000000E-012   2433840574.3205371     
   2.7700000000000001E-012   2433764365.0499244     
   2.7799999999999999E-012   2437812037.4789395     
   2.7900000000000000E-012   2437719734.6160331     
   2.8000000000000002E-012   2441213515.1913385     
   2.8099999999999999E-012   2444719205.1123867     
   2.8200000000000001E-012   2450464861.2618341     
   2.8299999999999999E-012   2453817205.7907772     
   2.8400000000000000E-012   2456654478.8770366     
   2.8500000000000002E-012   2464515364.4478102     
   2.8599999999999999E-012   2473257738.2038207     
   2.8700000000000001E-012   2480149655.1201196     
   2.8799999999999998E-012   2478922647.9512773     
   2.8900000000000000E-012   2490015255.6719923     
   2.9000000000000002E-012   2495531588.7045012     
   2.9099999999999999E-012   2488790398.7360406     
   2.9200000000000001E-012   2474112844.1356382     
   2.9299999999999998E-012   2463647790.4805884     
   2.9400000000000000E-012   2457945294.5385814     
   2.9500000000000002E-012   2452143437.5227361     
   2.9599999999999999E-012   2444963619.6430025     
   2.9700000000000001E-012   2439758266.6755047     
   2.9799999999999998E-012   2434841993.7351365     
   2.9900000000000000E-012   2431496763.1562119     
   3.0000000000000001E-012   2418909601.2145100     
   3.0099999999999999E-012   2411323209.2656422     
   3.0200000000000001E-012   2400779508.6158547     
   3.0299999999999998E-012   2393106927.9866633     
   3.0400000000000000E-012   2387241386.6775489     
   3.0500000000000001E-012   2384043648.3716717     
   3.0599999999999999E-012   2378197644.7459106     
   3.0700000000000000E-012   2365327732.7350411     
   3.0799999999999998E-012   2356734695.2395811     
   3.0900000000000000E-012   2346654112.2108078     
   3.1000000000000001E-012   2338722558.3316622     
   3.1099999999999999E-012   2324642331.7540207     
   3.1200000000000000E-012   2313923009.6234856     
   3.1300000000000002E-012   2293931452.8651152     
   3.1399999999999999E-012   2284361973.0738072     
   3.1500000000000001E-012   2278657397.7372503     
   3.1599999999999999E-012   2272475639.1169496     
   3.1700000000000000E-012   2260440093.5000000     
   3.1800000000000002E-012   2244917168.8392501     
   3.1899999999999999E-012   2232897794.4399233     
   3.2000000000000001E-012   2212378259.5460916     
   3.2099999999999999E-012   2189789169.3583560     
   3.2200000000000000E-012   2167724520.7477884     
   3.2300000000000002E-012   2146767033.8752682     
   3.2399999999999999E-012   2122414483.9055793     
   3.2500000000000001E-012   2101229353.5111866     
   3.2599999999999998E-012   2090713633.7137957     
   3.2700000000000000E-012   2079368881.5850677     
   3.2800000000000002E-012   2065231203.8875501     
   3.2899999999999999E-012   2052268895.8197749     
   3.3000000000000001E-012   2037651840.1689720     
   3.3099999999999998E-012   2024288478.6162913     
   3.3200000000000000E-012   2004582788.7828052     
   3.3300000000000001E-012   1988307119.7687948     
   3.3399999999999999E-012   1976915935.2967353     
   3.3500000000000001E-012   1972909002.7242711     
   3.3599999999999998E-012   1967464537.6848445     
   3.3700000000000000E-012   1965009392.1245794     
   3.3800000000000001E-012   1959969480.2003818     
   3.3899999999999999E-012   1965387518.7992318     
   3.4000000000000001E-012   1966360015.2560205     
   3.4099999999999998E-012   1971900274.5452421     
   3.4200000000000000E-012   1984607428.4769194     
   3.4300000000000001E-012   2008183793.9068208     
   3.4399999999999999E-012   2031511245.6849313     
   3.4500000000000000E-012   2060969827.8075480     
   3.4599999999999998E-012   2092318572.4186306     
   3.4700000000000000E-012   2122103998.9624414     
   3.4800000000000001E-012   2142052558.4431381     
   3.4899999999999999E-012   2160907088.3559470     
   3.5000000000000000E-012   2175735002.6698599     
   3.5100000000000002E-012   2195883507.3090620     
   3.5199999999999999E-012   2217102451.5424852     
   3.5300000000000001E-012   2238450776.6895094     
   3.5399999999999999E-012   2269380095.1088481     
   3.5500000000000000E-012   2294323409.2184482     
   3.5600000000000002E-012   2326078569.2366185     
   3.5699999999999999E-012   2355951204.0169706     
   3.5800000000000001E-012   2382099289.8857999     
   3.5899999999999998E-012   2406242274.9142404     
   3.6000000000000000E-012   2435693497.9694991     
   3.6100000000000002E-012   2465435707.2547045     
   3.6199999999999999E-012   2491522210.4947004     
   3.6300000000000001E-012   2518049681.4630332     
   3.6399999999999998E-012   2546521126.3123794     
   3.6500000000000000E-012   2581662633.0583072     
   3.6600000000000002E-012   2609259320.2407646     
   3.6700000000000003E-012   2631523455.9242778     
   3.6799999999999997E-012   2643784770.2582741     
   3.6899999999999998E-012   2649414350.5744581     
   3.7000000000000000E-012   2650282313.1848578     
   3.7100000000000001E-012   2647954769.6356983     
   3.7200000000000003E-012   2648329784.6184978     
   3.7299999999999997E-012   2638593323.5709705     
   3.7399999999999998E-012   2622754288.9065471     
   3.7500000000000000E-012   2609086403.9982572     
   3.7600000000000001E-012   2602115839.5901933     
   3.7700000000000003E-012   2594148472.7776976     
   3.7799999999999996E-012   2587600811.7949858     
   3.7899999999999998E-012   2582169411.8838220     
   3.8000000000000000E-012   2576412145.0032215     
   3.8100000000000001E-012   2569951129.8021531     
   3.8200000000000003E-012   2568906072.3965201     
   3.8299999999999996E-012   2569667436.8696456     
   3.8399999999999998E-012   2565772195.4648867     
   3.8500000000000000E-012   2560260243.7102013     
   3.8600000000000001E-012   2553630676.2171688     
   3.8700000000000003E-012   2547457597.8827572     
   3.8799999999999996E-012   2539787998.2204833     
   3.8899999999999998E-012   2536352400.3163614     
   3.8999999999999999E-012   2541369138.8225822     
   3.9100000000000001E-012   2539234634.3657579     
   3.9200000000000003E-012   2522526477.2700343     
   3.9299999999999996E-012   2510044788.0555258     
   3.9399999999999998E-012   2501889655.0513840     
   3.9499999999999999E-012   2493465175.7950401     
   3.9600000000000001E-012   2493767157.1207190     
   3.9700000000000002E-012   2491104704.3643832     
   3.9799999999999996E-012   2485194072.7788343     
   3.9899999999999998E-012   2476400950.1811233     
   3.9999999999999999E-012   2469781381.8027549     
   4.0100000000000001E-012   2464648317.2710118     
   4.0200000000000002E-012   2453319637.7051482     
   4.0300000000000004E-012   2435793612.4339962     
   4.0399999999999997E-012   2428925845.9010158     
   4.0499999999999999E-012   2421956870.2915454     
   4.0600000000000001E-012   2414570516.3340120     
   4.0700000000000002E-012   2408531733.3696723     
   4.0800000000000004E-012   2407384809.2387395     
   4.0899999999999997E-012   2405900342.9903164     
   4.0999999999999999E-012   2402724062.2781587     
   4.1100000000000001E-012   2393945944.9725351     
   4.1200000000000002E-012   2384033595.7285562     
   4.1300000000000004E-012   2370354631.3431964     
   4.1399999999999997E-012   2353150884.4919014     
   4.1499999999999999E-012   2343194904.5990534     
   4.1600000000000000E-012   2336245841.9201422     
   4.1700000000000002E-012   2333508902.0908532     
   4.1800000000000004E-012   2326433676.5686979     
   4.1899999999999997E-012   2325154897.9495502     
   4.1999999999999999E-012   2322183247.4125729     
   4.2100000000000000E-012   2315153620.1087451     
   4.2200000000000002E-012   2308213962.1377401     
   4.2300000000000004E-012   2296463091.7859702     
   4.2399999999999997E-012   2288026923.7488770     
   4.2499999999999999E-012   2280046130.5609756     
   4.2600000000000000E-012   2279320693.5613279     
   4.2700000000000002E-012   2278998259.1170044     
   4.2800000000000003E-012   2276247636.5248384     
   4.2899999999999997E-012   2276663422.7137361     
   4.2999999999999999E-012   2279224584.6210184     
   4.3100000000000000E-012   2273670428.8948641     
   4.3200000000000002E-012   2262986052.7996149     
   4.3300000000000003E-012   2251826446.2770338     
   4.3399999999999997E-012   2237555667.7285976     
   4.3499999999999998E-012   2230020384.5855908     
   4.3600000000000000E-012   2230422123.0065069     
   4.3700000000000002E-012   2226493683.9773884     
   4.3800000000000003E-012   2234162258.7590113     
   4.3899999999999997E-012   2238408488.2838998     
   4.3999999999999998E-012   2236935048.6010108     
   4.4100000000000000E-012   2228723979.1554251     
   4.4200000000000001E-012   2223511026.1728864     
   4.4300000000000003E-012   2223944700.0902958     
   4.4399999999999997E-012   2227097398.2940392     
   4.4499999999999998E-012   2231751852.0948687     
   4.4600000000000000E-012   2235107262.7268605     
   4.4700000000000001E-012   2238416718.4700999     
   4.4800000000000003E-012   2242399268.0121312     
   4.4899999999999996E-012   2250201000.5777678     
   4.4999999999999998E-012   2254639793.6942725     
   4.5100000000000000E-012   2271540160.9809227     
   4.5200000000000001E-012   2281449457.7739959     
   4.5300000000000003E-012   2286103213.0334840     
   4.5399999999999996E-012   2277555374.5526452     
   4.5499999999999998E-012   2263224059.7162700     
   4.5600000000000000E-012   2251544996.2510657     
   4.5700000000000001E-012   2242192831.7663407     
   4.5800000000000003E-012   2237127428.9059033     
   4.5899999999999996E-012   2234062603.9482365     
   4.5999999999999998E-012   2224224222.1967030     
   4.6099999999999999E-012   2217838632.7949224     
   4.6200000000000001E-012   2219582593.5424514     
   4.6300000000000003E-012   2217916488.9201260     
   4.6399999999999996E-012   2213027441.6007271     
   4.6499999999999998E-012   2207773411.0602288     
   4.6599999999999999E-012   2205123854.9625335     
   4.6700000000000001E-012   2199699604.6423836     
   4.6800000000000003E-012   2198287860.5099988     
   4.6899999999999996E-012   2195445565.4815888     
   4.6999999999999998E-012   2201548309.0912724     
   4.7099999999999999E-012   2206981647.4801764     
   4.7200000000000001E-012   2201503688.0600481     
   4.7300000000000002E-012   2203879560.7818999     
   4.7399999999999996E-012   2196253692.2875533     
   4.7499999999999998E-012   2188284267.1027327     
   4.7599999999999999E-012   2181652168.4513750     
   4.7700000000000001E-012   2175088084.8339486     
   4.7800000000000002E-012   2177344432.4472690     
   4.7900000000000004E-012   2180643489.1427984     
   4.7999999999999997E-012   2189398544.2092209     
   4.8099999999999999E-012   2197095463.7320151     
   4.8200000000000001E-012   2197762130.4560690     
   4.8300000000000002E-012   2200611076.1959558     
   4.8400000000000004E-012   2203324698.7844386     
   4.8499999999999997E-012   2204958501.5860829     
   4.8599999999999999E-012   2202424613.6352553     
   4.8700000000000000E-012   2204876506.6303816     
   4.8800000000000002E-012   2216924077.3484282     
   4.8900000000000004E-012   2231332760.8729725     
   4.8999999999999997E-012   2243336508.8511128     
   4.9099999999999999E-012   2255380033.8713641     
   4.9200000000000000E-012   2264444028.2285676     
   4.9300000000000002E-012   2272242662.7343163     
   4.9400000000000004E-012   2274967560.9240570     
   4.9499999999999997E-012   2268990540.1877775     
   4.9599999999999999E-012   2267982703.9632196     
   4.9700000000000000E-012   2260441968.2505145     
   4.9800000000000002E-012   2254415911.3927469     
   4.9900000000000003E-012   2251102970.6639190     
