   0.0000000000000000        67944698831.418228     
   1.0000000000000000E-014   65444638438.944145     
   2.0000000000000000E-014   63057011368.094742     
   2.9999999999999998E-014   60777016052.004608     
   4.0000000000000000E-014   58591587923.640923     
   5.0000000000000002E-014   56503714046.682327     
   5.9999999999999997E-014   54493074201.046486     
   7.0000000000000005E-014   52560279255.217232     
   8.0000000000000000E-014   50704525532.225014     
   8.9999999999999995E-014   48939568525.309647     
   1.0000000000000000E-013   47244249012.549500     
   1.1000000000000000E-013   45621161081.924431     
   1.1999999999999999E-013   44061721933.519119     
   1.3000000000000000E-013   42559671237.619308     
   1.4000000000000001E-013   41120748114.247757     
   1.4999999999999999E-013   39734547910.311150     
   1.6000000000000000E-013   38403062921.911705     
   1.7000000000000001E-013   37132301313.554741     
   1.7999999999999999E-013   35900976757.881035     
   1.9000000000000000E-013   34728704179.218864     
   2.0000000000000001E-013   33601604670.558968     
   2.0999999999999999E-013   32524989105.577744     
   2.2000000000000000E-013   31484450531.668610     
   2.2999999999999998E-013   30480313943.999790     
   2.3999999999999999E-013   29512228247.744045     
   2.4999999999999999E-013   28572858411.657356     
   2.6000000000000000E-013   27668096674.590862     
   2.7000000000000001E-013   26797426860.414577     
   2.8000000000000002E-013   25964452312.068623     
   2.8999999999999998E-013   25150787486.343323     
   2.9999999999999998E-013   24364784060.836296     
   3.0999999999999999E-013   23612480603.748596     
   3.2000000000000000E-013   22879064500.060413     
   3.3000000000000001E-013   22172173539.338470     
   3.4000000000000002E-013   21493005006.169704     
   3.5000000000000002E-013   20845103495.131435     
   3.5999999999999998E-013   20215123360.753300     
   3.6999999999999999E-013   19605590330.575237     
   3.8000000000000000E-013   19019520211.836025     
   3.9000000000000000E-013   18455205422.650681     
   4.0000000000000001E-013   17916596020.517300     
   4.1000000000000002E-013   17396754622.861477     
   4.1999999999999998E-013   16893529371.662346     
   4.2999999999999999E-013   16412216703.079891     
   4.3999999999999999E-013   15945780569.077888     
   4.5000000000000000E-013   15491999159.895117     
   4.5999999999999996E-013   15045989225.988848     
   4.7000000000000002E-013   14614584854.606300     
   4.7999999999999997E-013   14196482976.414675     
   4.9000000000000003E-013   13789738659.044636     
   4.9999999999999999E-013   13406527919.821218     
   5.1000000000000005E-013   13035851427.936174     
   5.2000000000000001E-013   12681029373.547749     
   5.2999999999999996E-013   12339279297.004648     
   5.4000000000000002E-013   12007524640.923504     
   5.4999999999999998E-013   11687596993.321062     
   5.6000000000000004E-013   11374434005.987087     
   5.6999999999999999E-013   11075535095.435814     
   5.7999999999999995E-013   10786115550.047552     
   5.9000000000000001E-013   10512513446.269402     
   5.9999999999999997E-013   10243023385.080280     
   6.1000000000000003E-013   9981209088.9091797     
   6.1999999999999998E-013   9724661595.3838692     
   6.3000000000000004E-013   9477043707.4947319     
   6.4000000000000000E-013   9230614031.7330799     
   6.4999999999999996E-013   8986127986.7447491     
   6.6000000000000001E-013   8737793657.6418114     
   6.6999999999999997E-013   8488116864.0106096     
   6.8000000000000003E-013   8247811577.5932369     
   6.8999999999999999E-013   8023921511.4297495     
   7.0000000000000005E-013   7804941208.2174606     
   7.1000000000000000E-013   7589044709.0195589     
   7.1999999999999996E-013   7381241977.3290558     
   7.3000000000000002E-013   7184341752.1685772     
   7.3999999999999998E-013   6989393887.0126972     
   7.5000000000000004E-013   6800583977.3226461     
   7.5999999999999999E-013   6630189811.8391628     
   7.6999999999999995E-013   6465720518.0859795     
   7.8000000000000001E-013   6303955491.6922674     
   7.8999999999999997E-013   6144404939.8372335     
   8.0000000000000002E-013   5983384726.9362221     
   8.0999999999999998E-013   5825997145.7765427     
   8.2000000000000004E-013   5679020171.8837605     
   8.3000000000000000E-013   5536888147.9802389     
   8.3999999999999995E-013   5393469728.9580469     
   8.5000000000000001E-013   5263834944.6516533     
   8.5999999999999997E-013   5139951668.7280321     
   8.7000000000000003E-013   5018681411.6320248     
   8.7999999999999999E-013   4899066172.2822561     
   8.9000000000000004E-013   4781243996.3789005     
   9.0000000000000000E-013   4663155044.2708549     
   9.0999999999999996E-013   4543235350.6522579     
   9.1999999999999992E-013   4421858436.9719839     
   9.3000000000000008E-013   4308217719.6439114     
   9.4000000000000003E-013   4203942577.6538763     
   9.4999999999999999E-013   4095216848.8961964     
   9.5999999999999995E-013   3991705315.7626972     
   9.6999999999999991E-013   3892660352.1275225     
   9.8000000000000007E-013   3792134271.8375225     
   9.9000000000000002E-013   3688926696.5048051     
   9.9999999999999998E-013   3589654685.0045929     
   1.0099999999999999E-012   3488995611.6509047     
   1.0200000000000001E-012   3393563561.7103562     
   1.0300000000000001E-012   3301452784.9051738     
   1.0400000000000000E-012   3214173536.4012651     
   1.0500000000000000E-012   3137068949.9786077     
   1.0599999999999999E-012   3057991972.0067625     
   1.0700000000000001E-012   2978100571.0473561     
   1.0800000000000000E-012   2908312154.2416997     
   1.0900000000000000E-012   2835643021.3887291     
   1.1000000000000000E-012   2755647073.2517962     
   1.1099999999999999E-012   2679175710.3852124     
   1.1200000000000001E-012   2601998050.1243167     
   1.1300000000000000E-012   2534725633.4408078     
   1.1400000000000000E-012   2476797768.9055104     
   1.1499999999999999E-012   2426280816.5813432     
   1.1599999999999999E-012   2380870620.6276379     
   1.1700000000000001E-012   2339498121.4536963     
   1.1800000000000000E-012   2291786477.7809939     
   1.1900000000000000E-012   2237404694.1083555     
   1.1999999999999999E-012   2184530348.5645561     
   1.2100000000000001E-012   2137944771.2920632     
   1.2200000000000001E-012   2089861952.7553432     
   1.2300000000000000E-012   2041382781.4158731     
   1.2400000000000000E-012   1994728509.3095894     
   1.2499999999999999E-012   1954640165.1285458     
   1.2600000000000001E-012   1913795784.2078481     
   1.2700000000000000E-012   1881131124.0889342     
   1.2800000000000000E-012   1858948582.8838024     
   1.2900000000000000E-012   1833731206.0806167     
   1.2999999999999999E-012   1813118058.6531613     
   1.3100000000000001E-012   1792166328.6445677     
   1.3200000000000000E-012   1768531391.6526489     
   1.3300000000000000E-012   1749265544.7222483     
   1.3399999999999999E-012   1732467370.3856256     
   1.3499999999999999E-012   1715480647.2945130     
   1.3600000000000001E-012   1699036429.0094957     
   1.3700000000000000E-012   1681059752.5118043     
   1.3800000000000000E-012   1665802383.2438498     
   1.3899999999999999E-012   1651924222.7244051     
   1.4000000000000001E-012   1633266444.4186974     
   1.4100000000000001E-012   1608517852.7356081     
   1.4200000000000000E-012   1585023252.8800313     
   1.4300000000000000E-012   1553062736.4677067     
   1.4399999999999999E-012   1520290211.0496008     
   1.4500000000000001E-012   1486668227.6883354     
   1.4600000000000000E-012   1451883421.7725966     
   1.4700000000000000E-012   1411581349.0614145     
   1.4800000000000000E-012   1371035177.7293932     
   1.4899999999999999E-012   1328309616.6735756     
   1.5000000000000001E-012   1283422213.5248835     
   1.5100000000000000E-012   1235033324.4640281     
   1.5200000000000000E-012   1190721286.1826525     
   1.5299999999999999E-012   1157641496.9080443     
   1.5399999999999999E-012   1126586479.2136724     
   1.5500000000000001E-012   1101650777.0680656     
   1.5600000000000000E-012   1073065442.8324736     
   1.5700000000000000E-012   1050236652.8331300     
   1.5799999999999999E-012   1030146323.3904064     
   1.5900000000000001E-012   1018632536.4995482     
   1.6000000000000000E-012   999103707.30989242     
   1.6100000000000000E-012   973572643.66692960     
   1.6200000000000000E-012   950797548.34204853     
   1.6299999999999999E-012   923792068.01769161     
   1.6400000000000001E-012   898109501.81042349     
   1.6500000000000000E-012   889448593.03331304     
   1.6600000000000000E-012   882597439.45860875     
   1.6700000000000000E-012   874198519.85384309     
   1.6799999999999999E-012   866292135.14050329     
   1.6900000000000001E-012   852229673.01141274     
   1.7000000000000000E-012   836001556.63777208     
   1.7100000000000000E-012   825948091.98261809     
   1.7199999999999999E-012   811863059.93751228     
   1.7299999999999999E-012   796002483.85289299     
   1.7400000000000001E-012   784390897.26782191     
   1.7500000000000000E-012   772258332.96210361     
   1.7600000000000000E-012   758558100.63319147     
   1.7699999999999999E-012   750064998.76796377     
   1.7800000000000001E-012   737418516.61554754     
   1.7900000000000000E-012   729733470.16793621     
   1.8000000000000000E-012   716223062.70807469     
   1.8100000000000000E-012   708547525.76348555     
   1.8199999999999999E-012   709667912.63388443     
   1.8300000000000001E-012   708160850.63900268     
   1.8399999999999998E-012   700247310.65953434     
   1.8500000000000000E-012   693943712.98725533     
   1.8600000000000002E-012   693590885.42994606     
   1.8699999999999999E-012   691951410.60187173     
   1.8800000000000001E-012   694395235.39036179     
   1.8899999999999998E-012   686575066.53734243     
   1.9000000000000000E-012   686625511.97909212     
   1.9100000000000001E-012   685260140.54698145     
   1.9199999999999999E-012   691601087.09679174     
   1.9300000000000001E-012   699749352.10844183     
   1.9399999999999998E-012   701283854.08180201     
   1.9500000000000000E-012   703006013.60931480     
   1.9600000000000001E-012   702184287.12309611     
   1.9699999999999999E-012   699742030.35718989     
   1.9800000000000000E-012   700036822.32896769     
   1.9899999999999998E-012   697186719.27719903     
   2.0000000000000000E-012   694207018.82816839     
   2.0100000000000001E-012   685807756.62748396     
   2.0199999999999999E-012   682927285.43365562     
   2.0300000000000000E-012   679905004.93620706     
   2.0400000000000002E-012   668987878.59765267     
   2.0499999999999999E-012   657539980.20678198     
   2.0600000000000001E-012   641548626.78884530     
   2.0699999999999999E-012   631918142.74590099     
   2.0800000000000000E-012   622636027.12749159     
   2.0900000000000002E-012   608841008.88403380     
   2.0999999999999999E-012   591564966.92034209     
   2.1100000000000001E-012   575846231.63728976     
   2.1199999999999999E-012   570247597.03042781     
   2.1300000000000000E-012   567717377.59084916     
   2.1400000000000002E-012   561489807.65577412     
   2.1499999999999999E-012   547458204.68953681     
   2.1600000000000001E-012   536797120.78808206     
   2.1699999999999998E-012   533051801.06713444     
   2.1800000000000000E-012   526744187.10918635     
   2.1900000000000002E-012   523952793.19733936     
   2.1999999999999999E-012   518878455.97261953     
   2.2100000000000001E-012   514785469.86454260     
   2.2199999999999998E-012   508129569.53271878     
   2.2300000000000000E-012   501226362.28494418     
   2.2400000000000001E-012   488078454.14845419     
   2.2499999999999999E-012   474198102.34143734     
   2.2600000000000001E-012   452397346.15408432     
   2.2699999999999998E-012   436971723.69549608     
   2.2800000000000000E-012   427861028.25770169     
   2.2900000000000001E-012   425691736.00426203     
   2.2999999999999999E-012   427011758.98442179     
   2.3100000000000001E-012   429310952.00229394     
   2.3199999999999998E-012   431569516.38566554     
   2.3300000000000000E-012   431887259.12302965     
   2.3400000000000001E-012   435861747.23239076     
   2.3499999999999999E-012   438660263.60770684     
   2.3600000000000000E-012   441431147.51467502     
   2.3699999999999998E-012   447988164.55836886     
   2.3800000000000000E-012   463387152.23312020     
   2.3900000000000001E-012   472887834.64845771     
   2.3999999999999999E-012   481288627.72152168     
   2.4100000000000000E-012   490401188.13865471     
   2.4200000000000002E-012   497175683.98541445     
   2.4299999999999999E-012   509662205.23649824     
   2.4400000000000001E-012   528182707.02252066     
   2.4499999999999999E-012   545872920.34239984     
   2.4600000000000000E-012   558740369.91426909     
   2.4700000000000002E-012   560735781.67863369     
   2.4799999999999999E-012   567948484.12068295     
   2.4900000000000001E-012   576372315.24508405     
   2.4999999999999998E-012   584466496.74063396     
   2.5100000000000000E-012   595719613.48921049     
   2.5200000000000002E-012   606330209.35175323     
   2.5299999999999999E-012   618393179.58848536     
   2.5400000000000001E-012   626956196.24344981     
   2.5499999999999998E-012   627041122.53550386     
   2.5600000000000000E-012   623381772.95044649     
   2.5700000000000002E-012   622545408.46176398     
   2.5799999999999999E-012   625453421.48589873     
   2.5900000000000001E-012   615628882.14905024     
   2.5999999999999998E-012   606242735.77485788     
   2.6100000000000000E-012   597102903.30226767     
   2.6200000000000001E-012   589445064.35428679     
   2.6299999999999999E-012   576979057.85483432     
   2.6400000000000001E-012   568815583.19960856     
   2.6499999999999998E-012   563455288.22290480     
   2.6600000000000000E-012   563928667.28685665     
   2.6700000000000001E-012   565625811.14809895     
   2.6799999999999999E-012   573436060.27632153     
   2.6900000000000000E-012   580325693.73323500     
   2.6999999999999998E-012   589596170.31033063     
   2.7100000000000000E-012   591315370.84910536     
   2.7200000000000001E-012   600960322.53864479     
   2.7299999999999999E-012   612916033.00668859     
   2.7400000000000000E-012   616248775.75503290     
   2.7500000000000002E-012   616997128.19365072     
   2.7600000000000000E-012   620918227.63537931     
   2.7700000000000001E-012   626993198.50226712     
   2.7799999999999999E-012   625281050.26769686     
   2.7900000000000000E-012   623109360.84455597     
   2.8000000000000002E-012   621389444.50089931     
   2.8099999999999999E-012   617859370.47253919     
   2.8200000000000001E-012   614906591.59752154     
   2.8299999999999999E-012   612568040.75930452     
   2.8400000000000000E-012   599377962.98272836     
   2.8500000000000002E-012   580846735.44978368     
   2.8599999999999999E-012   562245615.58686996     
   2.8700000000000001E-012   542141572.93664789     
   2.8799999999999998E-012   525494912.73071963     
   2.8900000000000000E-012   512953671.03834760     
   2.9000000000000002E-012   494453978.87587899     
   2.9099999999999999E-012   469874319.24962091     
   2.9200000000000001E-012   434951590.83000618     
   2.9299999999999998E-012   410104582.36218995     
   2.9400000000000000E-012   392026660.31568718     
   2.9500000000000002E-012   372277454.29220045     
   2.9599999999999999E-012   352385449.76829523     
   2.9700000000000001E-012   338054568.33356303     
   2.9799999999999998E-012   323516168.60731810     
   2.9900000000000000E-012   312269316.69664532     
   3.0000000000000001E-012   299031365.23185182     
   3.0099999999999999E-012   284012765.96769559     
   3.0200000000000001E-012   266414668.35683674     
   3.0299999999999998E-012   248341270.90893447     
   3.0400000000000000E-012   231094306.94542107     
   3.0500000000000001E-012   212951357.63720429     
   3.0599999999999999E-012   190646384.02439010     
   3.0700000000000000E-012   171925705.89331144     
   3.0799999999999998E-012   151003054.93965650     
   3.0900000000000000E-012   128349355.75230736     
   3.1000000000000001E-012   107599594.89341134     
   3.1099999999999999E-012   91801156.514162764     
   3.1200000000000000E-012   64273298.090124711     
   3.1300000000000002E-012   33248146.058515761     
   3.1399999999999999E-012   14738056.213693889     
   3.1500000000000001E-012  -8503868.6610150635     
   3.1599999999999999E-012  -34558041.024028614     
   3.1700000000000000E-012  -53862600.113948084     
   3.1800000000000002E-012  -77406855.263764665     
   3.1899999999999999E-012  -96141952.321951464     
   3.2000000000000001E-012  -116550328.07876706     
   3.2099999999999999E-012  -141504711.26891059     
   3.2200000000000000E-012  -170724330.59575182     
   3.2300000000000002E-012  -192657426.25027424     
   3.2399999999999999E-012  -205664300.68551326     
   3.2500000000000001E-012  -223825930.22534516     
   3.2599999999999998E-012  -247203443.21866646     
   3.2700000000000000E-012  -268062526.66312113     
   3.2800000000000002E-012  -280022887.47447306     
   3.2899999999999999E-012  -296514535.65330684     
   3.3000000000000001E-012  -312571861.65205508     
   3.3099999999999998E-012  -325405485.09607399     
   3.3200000000000000E-012  -341341177.65133566     
   3.3300000000000001E-012  -365722639.85297304     
   3.3399999999999999E-012  -389278762.82616037     
   3.3500000000000001E-012  -414975862.10040063     
   3.3599999999999998E-012  -430924490.41899425     
   3.3700000000000000E-012  -444122888.64567953     
   3.3800000000000001E-012  -451195948.45737338     
   3.3899999999999999E-012  -456089588.11609733     
   3.4000000000000001E-012  -453395296.78132832     
   3.4099999999999998E-012  -444563719.06397951     
   3.4200000000000000E-012  -428399019.30011451     
   3.4300000000000001E-012  -413468284.24358702     
   3.4399999999999999E-012  -395285066.90807056     
   3.4500000000000000E-012  -380931189.09854859     
   3.4599999999999998E-012  -364198501.03220159     
   3.4700000000000000E-012  -352781815.73668951     
   3.4800000000000001E-012  -345144793.47953713     
   3.4899999999999999E-012  -341181678.32482702     
   3.5000000000000000E-012  -331671540.87350261     
   3.5100000000000002E-012  -314485475.56433028     
   3.5199999999999999E-012  -297833023.60941052     
   3.5300000000000001E-012  -280624766.41434753     
   3.5399999999999999E-012  -262404685.36064437     
   3.5500000000000000E-012  -247973095.96026614     
   3.5600000000000002E-012  -238461258.31795013     
   3.5699999999999999E-012  -229797360.88148043     
   3.5800000000000001E-012  -221924961.54861128     
   3.5899999999999998E-012  -216324920.42185122     
   3.6000000000000000E-012  -214375201.06377751     
   3.6100000000000002E-012  -221731404.62204149     
   3.6199999999999999E-012  -228016528.91153964     
   3.6300000000000001E-012  -226548331.50283268     
   3.6399999999999998E-012  -231507844.81212872     
   3.6500000000000000E-012  -240468494.76083031     
   3.6600000000000002E-012  -241946607.81023031     
   3.6700000000000003E-012  -246224127.65007561     
   3.6799999999999997E-012  -245430812.58691517     
   3.6899999999999998E-012  -234590805.99427232     
   3.7000000000000000E-012  -228087692.36132500     
   3.7100000000000001E-012  -222316870.59687793     
   3.7200000000000003E-012  -213384369.09227586     
   3.7299999999999997E-012  -203607493.74409834     
   3.7399999999999998E-012  -192727878.33846086     
   3.7500000000000000E-012  -175602851.86327997     
   3.7600000000000001E-012  -161959496.10237399     
   3.7700000000000003E-012  -155811412.71804622     
   3.7799999999999996E-012  -151926097.19460127     
   3.7899999999999998E-012  -154098648.28281525     
   3.8000000000000000E-012  -157586553.57637006     
   3.8100000000000001E-012  -165113733.99664634     
   3.8200000000000003E-012  -168542064.40638289     
   3.8299999999999996E-012  -167585521.31851381     
   3.8399999999999998E-012  -166486257.03057349     
   3.8500000000000000E-012  -162723911.05298734     
   3.8600000000000001E-012  -154443058.82947773     
   3.8700000000000003E-012  -145201775.60865256     
   3.8799999999999996E-012  -136220873.36114815     
   3.8899999999999998E-012  -119071627.82199547     
   3.8999999999999999E-012  -97806619.833606735     
   3.9100000000000001E-012  -76627279.869703770     
   3.9200000000000003E-012  -49311858.841447219     
   3.9299999999999996E-012  -32772551.600310419     
   3.9399999999999998E-012  -13953378.705768229     
   3.9499999999999999E-012   5383163.3942915602     
   3.9600000000000001E-012   19719766.878019582     
   3.9700000000000002E-012   40039554.783334062     
   3.9799999999999996E-012   56506844.182229020     
   3.9899999999999998E-012   65535802.652309760     
   3.9999999999999999E-012   74243324.125478685     
   4.0100000000000001E-012   85549755.529937044     
   4.0200000000000002E-012   91726940.523276195     
   4.0300000000000004E-012   100495052.94679725     
   4.0399999999999997E-012   109603361.46978500     
   4.0499999999999999E-012   113127805.43355185     
   4.0600000000000001E-012   117165835.00635110     
   4.0700000000000002E-012   117277601.30663832     
   4.0800000000000004E-012   112515154.93407786     
   4.0899999999999997E-012   106988761.30313006     
   4.0999999999999999E-012   102571086.67462355     
   4.1100000000000001E-012   99567692.518436387     
   4.1200000000000002E-012   94737882.876188561     
   4.1300000000000004E-012   79371510.030856282     
   4.1399999999999997E-012   63219433.151191674     
   4.1499999999999999E-012   46446556.601033658     
   4.1600000000000000E-012   33497713.597992022     
   4.1700000000000002E-012   21535991.129652556     
   4.1800000000000004E-012   187515.50337185853     
   4.1899999999999997E-012  -16098280.905968690     
   4.1999999999999999E-012  -28202426.192667481     
   4.2100000000000000E-012  -43327451.379605927     
   4.2200000000000002E-012  -65830517.070181303     
   4.2300000000000004E-012  -88923962.561146528     
   4.2399999999999997E-012  -105431189.23992881     
   4.2499999999999999E-012  -125766584.70413555     
   4.2600000000000000E-012  -150889741.58051366     
   4.2700000000000002E-012  -169605507.92535868     
   4.2800000000000003E-012  -176694238.78305188     
   4.2899999999999997E-012  -188692830.50352207     
   4.2999999999999999E-012  -203438988.67160413     
   4.3100000000000000E-012  -218051836.96733987     
   4.3200000000000002E-012  -231549371.99599952     
   4.3300000000000003E-012  -253522477.32196054     
   4.3399999999999997E-012  -277751127.60058951     
   4.3499999999999998E-012  -296266202.29935074     
   4.3600000000000000E-012  -313226646.94964635     
   4.3700000000000002E-012  -323582211.83445984     
   4.3800000000000003E-012  -336702587.02492005     
   4.3899999999999997E-012  -356248745.87443185     
   4.3999999999999998E-012  -367899597.20336628     
   4.4100000000000000E-012  -375040662.70233095     
   4.4200000000000001E-012  -380551864.11611855     
   4.4300000000000003E-012  -381727070.22899032     
   4.4399999999999997E-012  -377587135.67647570     
   4.4499999999999998E-012  -377506833.78650671     
   4.4600000000000000E-012  -377583248.89715898     
   4.4700000000000001E-012  -369806430.14029074     
   4.4800000000000003E-012  -357283186.47805190     
   4.4899999999999996E-012  -347187876.21735531     
   4.4999999999999998E-012  -326880934.98768675     
   4.5100000000000000E-012  -312256432.42843741     
   4.5200000000000001E-012  -290673668.04948580     
   4.5300000000000003E-012  -268657788.08476943     
   4.5399999999999996E-012  -254024374.31460136     
   4.5499999999999998E-012  -234576044.92455512     
   4.5600000000000000E-012  -209891319.20128641     
   4.5700000000000001E-012  -181642865.92834556     
   4.5800000000000003E-012  -152768176.59745198     
   4.5899999999999996E-012  -120900595.67709818     
   4.5999999999999998E-012  -88613063.067214474     
   4.6099999999999999E-012  -53096933.462079503     
   4.6200000000000001E-012  -19108053.166908138     
   4.6300000000000003E-012   17214078.196315560     
   4.6399999999999996E-012   51699015.288013548     
   4.6499999999999998E-012   84678047.591442928     
   4.6599999999999999E-012   115150236.22955351     
   4.6700000000000001E-012   135570446.93438056     
   4.6800000000000003E-012   158572397.34961903     
   4.6899999999999996E-012   182776979.90103543     
   4.6999999999999998E-012   201742594.24324584     
   4.7099999999999999E-012   214373988.08764696     
   4.7200000000000001E-012   231946988.08132070     
   4.7300000000000002E-012   250894782.14805341     
   4.7399999999999996E-012   276332287.70917016     
   4.7499999999999998E-012   301940738.25759304     
   4.7599999999999999E-012   319583860.92792380     
   4.7700000000000001E-012   329067012.77488834     
   4.7800000000000002E-012   333363555.17786694     
   4.7900000000000004E-012   334977168.35838217     
   4.7999999999999997E-012   328578294.45383477     
   4.8099999999999999E-012   316134356.53784311     
   4.8200000000000001E-012   305632558.90992880     
   4.8300000000000002E-012   297797137.46540326     
   4.8400000000000004E-012   287419243.25860071     
   4.8499999999999997E-012   278518629.99101299     
   4.8599999999999999E-012   259377566.20197853     
   4.8700000000000000E-012   238681289.47821105     
   4.8800000000000002E-012   213587321.45705703     
   4.8900000000000004E-012   184769923.63842469     
   4.8999999999999997E-012   151743567.82559228     
   4.9099999999999999E-012   116824384.23267755     
   4.9200000000000000E-012   78950830.527716458     
   4.9300000000000002E-012   51810533.311914481     
   4.9400000000000004E-012   26826685.491563458     
   4.9499999999999997E-012   14301633.051988767     
   4.9599999999999999E-012   1028959.4520895422     
   4.9700000000000000E-012  -10089934.423965894     
   4.9800000000000002E-012  -28367500.848312162     
   4.9900000000000003E-012  -46198398.327615999     
