   0.0000000000000000        79278808506.728745     
   1.0000000000000000E-014   76668238293.811951     
   2.0000000000000000E-014   74168044456.981918     
   2.9999999999999998E-014   71780966961.081558     
   4.0000000000000000E-014   69496976239.835892     
   5.0000000000000002E-014   67307463116.359589     
   5.9999999999999997E-014   65201003407.489044     
   7.0000000000000005E-014   63180473818.484085     
   8.0000000000000000E-014   61252637698.853325     
   8.9999999999999995E-014   59406018664.606102     
   1.0000000000000000E-013   57624914566.327255     
   1.1000000000000000E-013   55912094290.318672     
   1.1999999999999999E-013   54274769810.239418     
   1.3000000000000000E-013   52704010151.469673     
   1.4000000000000001E-013   51191749423.270348     
   1.4999999999999999E-013   49741598112.556892     
   1.6000000000000000E-013   48351498743.248337     
   1.7000000000000001E-013   47015453562.991608     
   1.7999999999999999E-013   45719062723.342926     
   1.9000000000000000E-013   44476461062.338562     
   2.0000000000000001E-013   43292346744.071716     
   2.0999999999999999E-013   42145752227.388023     
   2.2000000000000000E-013   41041402865.569870     
   2.2999999999999998E-013   39977703634.104607     
   2.3999999999999999E-013   38952992902.192017     
   2.4999999999999999E-013   37950044533.924339     
   2.6000000000000000E-013   36982285284.170731     
   2.7000000000000001E-013   36054535276.813248     
   2.8000000000000002E-013   35155966753.775284     
   2.8999999999999998E-013   34275132087.899837     
   2.9999999999999998E-013   33423642237.971500     
   3.0999999999999999E-013   32591165653.064217     
   3.2000000000000000E-013   31786318522.128006     
   3.3000000000000001E-013   31000147324.125687     
   3.4000000000000002E-013   30243465518.843048     
   3.5000000000000002E-013   29499331044.678471     
   3.5999999999999998E-013   28776828187.287582     
   3.6999999999999999E-013   28072226150.295860     
   3.8000000000000000E-013   27384169885.020550     
   3.9000000000000000E-013   26724758302.973000     
   4.0000000000000001E-013   26089260088.356930     
   4.1000000000000002E-013   25467046074.808449     
   4.1999999999999998E-013   24863760014.604111     
   4.2999999999999999E-013   24289352519.956139     
   4.3999999999999999E-013   23731742815.148289     
   4.5000000000000000E-013   23194777855.973331     
   4.5999999999999996E-013   22677187193.186031     
   4.7000000000000002E-013   22163873646.355980     
   4.7999999999999997E-013   21665206232.529690     
   4.9000000000000003E-013   21183928608.168171     
   4.9999999999999999E-013   20718039860.333099     
   5.1000000000000005E-013   20264401336.086594     
   5.2000000000000001E-013   19824076761.922096     
   5.2999999999999996E-013   19399236050.552334     
   5.4000000000000002E-013   18992153182.501968     
   5.4999999999999998E-013   18599317858.292877     
   5.6000000000000004E-013   18224703399.543407     
   5.6999999999999999E-013   17861512632.965248     
   5.7999999999999995E-013   17505629739.161427     
   5.9000000000000001E-013   17153656183.210386     
   5.9999999999999997E-013   16811449804.418600     
   6.1000000000000003E-013   16474587106.760109     
   6.1999999999999998E-013   16152027349.930321     
   6.3000000000000004E-013   15838860504.968233     
   6.4000000000000000E-013   15527839201.463772     
   6.4999999999999996E-013   15223067259.644136     
   6.6000000000000001E-013   14925657357.403524     
   6.6999999999999997E-013   14636583721.572025     
   6.8000000000000003E-013   14350036731.511116     
   6.8999999999999999E-013   14074354947.462824     
   7.0000000000000005E-013   13811440316.862322     
   7.1000000000000000E-013   13554334362.817205     
   7.1999999999999996E-013   13307864713.157362     
   7.3000000000000002E-013   13058302998.078465     
   7.3999999999999998E-013   12815758834.236347     
   7.5000000000000004E-013   12577640236.712301     
   7.5999999999999999E-013   12339164140.319403     
   7.6999999999999995E-013   12108258414.645384     
   7.8000000000000001E-013   11881070414.577364     
   7.8999999999999997E-013   11662998965.188358     
   8.0000000000000002E-013   11443471670.151520     
   8.0999999999999998E-013   11235034594.094065     
   8.2000000000000004E-013   11034095803.433786     
   8.3000000000000000E-013   10827884912.119497     
   8.3999999999999995E-013   10628337984.626968     
   8.5000000000000001E-013   10433815731.522528     
   8.5999999999999997E-013   10245454100.617258     
   8.7000000000000003E-013   10063688597.627001     
   8.7999999999999999E-013   9891122956.2379608     
   8.9000000000000004E-013   9731051892.6798897     
   9.0000000000000000E-013   9578220037.2530212     
   9.0999999999999996E-013   9426395142.1714153     
   9.1999999999999992E-013   9278017433.5846233     
   9.3000000000000008E-013   9122981502.9984226     
   9.4000000000000003E-013   8971172052.9338379     
   9.4999999999999999E-013   8816350313.3490067     
   9.5999999999999995E-013   8671372229.3782482     
   9.6999999999999991E-013   8528302314.7310648     
   9.8000000000000007E-013   8385700818.0874586     
   9.9000000000000002E-013   8245094393.7414780     
   9.9999999999999998E-013   8106628171.5637217     
   1.0099999999999999E-012   7963517670.4802742     
   1.0200000000000001E-012   7831932474.1574345     
   1.0300000000000001E-012   7706541375.3430653     
   1.0400000000000000E-012   7586857224.6060295     
   1.0500000000000000E-012   7474344208.4448795     
   1.0599999999999999E-012   7361715617.5100489     
   1.0700000000000001E-012   7247355181.9017181     
   1.0800000000000000E-012   7137633651.8099079     
   1.0900000000000000E-012   7030777079.5505428     
   1.1000000000000000E-012   6933083979.8639288     
   1.1099999999999999E-012   6840207853.0581799     
   1.1200000000000001E-012   6747701471.4834528     
   1.1300000000000000E-012   6654960530.9194260     
   1.1400000000000000E-012   6556887735.1758642     
   1.1499999999999999E-012   6454572122.7489462     
   1.1599999999999999E-012   6350766385.2478256     
   1.1700000000000001E-012   6258364116.5162802     
   1.1800000000000000E-012   6166346144.6179972     
   1.1900000000000000E-012   6077457833.0256481     
   1.1999999999999999E-012   5998852496.6426754     
   1.2100000000000001E-012   5919992084.6546965     
   1.2200000000000001E-012   5837865764.3883400     
   1.2300000000000000E-012   5754631286.1672373     
   1.2400000000000000E-012   5670217898.6279945     
   1.2499999999999999E-012   5588906625.3620615     
   1.2600000000000001E-012   5508680640.9797783     
   1.2700000000000000E-012   5422076109.3081532     
   1.2800000000000000E-012   5336700743.8005991     
   1.2900000000000000E-012   5244808092.7071514     
   1.2999999999999999E-012   5151946718.8119774     
   1.3100000000000001E-012   5053182539.1173887     
   1.3200000000000000E-012   4945627962.9008627     
   1.3300000000000000E-012   4842456005.4847050     
   1.3399999999999999E-012   4746858713.3529453     
   1.3499999999999999E-012   4655193610.3914394     
   1.3600000000000001E-012   4563987352.7765665     
   1.3700000000000000E-012   4473277954.3773632     
   1.3800000000000000E-012   4383885788.2459278     
   1.3899999999999999E-012   4294739861.6869373     
   1.4000000000000001E-012   4206871356.5345564     
   1.4100000000000001E-012   4124483727.8859820     
   1.4200000000000000E-012   4045156697.6792493     
   1.4300000000000000E-012   3980111850.2400889     
   1.4399999999999999E-012   3918688862.2209086     
   1.4500000000000001E-012   3856357240.7809453     
   1.4600000000000000E-012   3797353405.7952261     
   1.4700000000000000E-012   3739367825.8456559     
   1.4800000000000000E-012   3683055818.4777927     
   1.4899999999999999E-012   3627038572.0543833     
   1.5000000000000001E-012   3574392782.6192093     
   1.5100000000000000E-012   3520228320.6134067     
   1.5200000000000000E-012   3471377079.6438913     
   1.5299999999999999E-012   3423404897.0152526     
   1.5399999999999999E-012   3375298954.1034021     
   1.5500000000000001E-012   3335859203.5025983     
   1.5600000000000000E-012   3297857684.8618441     
   1.5700000000000000E-012   3259005637.9639792     
   1.5799999999999999E-012   3222644900.2931838     
   1.5900000000000001E-012   3177238256.1525688     
   1.6000000000000000E-012   3138316833.0550017     
   1.6100000000000000E-012   3103841710.7737999     
   1.6200000000000000E-012   3068494270.8831792     
   1.6299999999999999E-012   3032592938.9644237     
   1.6400000000000001E-012   3003268744.8146076     
   1.6500000000000000E-012   2980158195.2551785     
   1.6600000000000000E-012   2958316726.6965561     
   1.6700000000000000E-012   2944369114.7716122     
   1.6799999999999999E-012   2929674165.8940310     
   1.6900000000000001E-012   2907406544.0658164     
   1.7000000000000000E-012   2879326778.9091649     
   1.7100000000000000E-012   2849352526.0122538     
   1.7199999999999999E-012   2821038727.5070276     
   1.7299999999999999E-012   2791101519.5004659     
   1.7400000000000001E-012   2764003564.5094719     
   1.7500000000000000E-012   2728633352.0947146     
   1.7600000000000000E-012   2692489005.7930684     
   1.7699999999999999E-012   2655367676.2830477     
   1.7800000000000001E-012   2619380908.3770185     
   1.7900000000000000E-012   2583941870.8673329     
   1.8000000000000000E-012   2553949573.3584013     
   1.8100000000000000E-012   2532081240.3275633     
   1.8199999999999999E-012   2504837505.1736283     
   1.8300000000000001E-012   2470462483.8520269     
   1.8399999999999998E-012   2427751451.5944657     
   1.8500000000000000E-012   2387361094.2287602     
   1.8600000000000002E-012   2354632590.7192798     
   1.8699999999999999E-012   2326989715.1057687     
   1.8800000000000001E-012   2301406333.4314399     
   1.8899999999999998E-012   2275417492.8412604     
   1.9000000000000000E-012   2245559454.6466718     
   1.9100000000000001E-012   2226176807.6034288     
   1.9199999999999999E-012   2212279006.5165954     
   1.9300000000000001E-012   2195484225.5036020     
   1.9399999999999998E-012   2186414207.2869005     
   1.9500000000000000E-012   2179830813.8090415     
   1.9600000000000001E-012   2168844205.5967174     
   1.9699999999999999E-012   2157682185.3793235     
   1.9800000000000000E-012   2151430973.3978806     
   1.9899999999999998E-012   2146539292.3748453     
   2.0000000000000000E-012   2141683429.9492655     
   2.0100000000000001E-012   2136895254.5315595     
   2.0199999999999999E-012   2137599216.8000541     
   2.0300000000000000E-012   2140749164.6558042     
   2.0400000000000002E-012   2140491180.1677885     
   2.0499999999999999E-012   2143259076.3738940     
   2.0600000000000001E-012   2143736980.7862895     
   2.0699999999999999E-012   2148718617.8866863     
   2.0800000000000000E-012   2150343114.2270880     
   2.0900000000000002E-012   2155218572.1928816     
   2.0999999999999999E-012   2151602929.8276439     
   2.1100000000000001E-012   2144254453.9259536     
   2.1199999999999999E-012   2138549444.8221359     
   2.1300000000000000E-012   2131418221.5551219     
   2.1400000000000002E-012   2132511695.4174871     
   2.1499999999999999E-012   2130503746.7282135     
   2.1600000000000001E-012   2128929718.1562819     
   2.1699999999999998E-012   2133627927.7891443     
   2.1800000000000000E-012   2145614955.1684906     
   2.1900000000000002E-012   2167743568.6396437     
   2.1999999999999999E-012   2182427891.7806349     
   2.2100000000000001E-012   2192969583.9024944     
   2.2199999999999998E-012   2194578713.0968122     
   2.2300000000000000E-012   2205875097.5220966     
   2.2400000000000001E-012   2213706813.0866423     
   2.2499999999999999E-012   2223559123.6106510     
   2.2600000000000001E-012   2235214510.8841128     
   2.2699999999999998E-012   2244525702.4523392     
   2.2800000000000000E-012   2255707864.6440291     
   2.2900000000000001E-012   2255706195.9388576     
   2.2999999999999999E-012   2258266274.9179540     
   2.3100000000000001E-012   2250461984.7692585     
   2.3199999999999998E-012   2239260876.0267587     
   2.3300000000000000E-012   2223461131.1288815     
   2.3400000000000001E-012   2213419346.2788615     
   2.3499999999999999E-012   2206409539.8165808     
   2.3600000000000000E-012   2196982437.9433074     
   2.3699999999999998E-012   2190201572.9518456     
   2.3800000000000000E-012   2190805733.4542432     
   2.3900000000000001E-012   2187614471.4012661     
   2.3999999999999999E-012   2188714590.6438842     
   2.4100000000000000E-012   2194259987.5862360     
   2.4200000000000002E-012   2192841928.6458774     
   2.4299999999999999E-012   2187651153.9912639     
   2.4400000000000001E-012   2188202138.9257956     
   2.4499999999999999E-012   2199296508.3715463     
   2.4600000000000000E-012   2218925208.9913831     
   2.4700000000000002E-012   2240712234.5869279     
   2.4799999999999999E-012   2257135996.3579168     
   2.4900000000000001E-012   2275886439.8938212     
   2.4999999999999998E-012   2297826520.4933853     
   2.5100000000000000E-012   2314930151.5354123     
   2.5200000000000002E-012   2330662425.4856710     
   2.5299999999999999E-012   2337233240.3202891     
   2.5400000000000001E-012   2344703099.5668440     
   2.5499999999999998E-012   2360921882.1340475     
   2.5600000000000000E-012   2372311633.3171167     
   2.5700000000000002E-012   2390851810.2840362     
   2.5799999999999999E-012   2407910078.7459083     
   2.5900000000000001E-012   2423824420.7543879     
   2.5999999999999998E-012   2437046949.7894354     
   2.6100000000000000E-012   2442703211.2083268     
   2.6200000000000001E-012   2452479983.8550167     
   2.6299999999999999E-012   2462041700.3713050     
   2.6400000000000001E-012   2467091868.3525324     
   2.6499999999999998E-012   2471708472.7995605     
   2.6600000000000000E-012   2472096136.6537881     
   2.6700000000000001E-012   2462749941.9541216     
   2.6799999999999999E-012   2455575851.9976964     
   2.6900000000000000E-012   2451285134.9809880     
   2.6999999999999998E-012   2441953093.5094457     
   2.7100000000000000E-012   2443835451.9985681     
   2.7200000000000001E-012   2440955267.6239486     
   2.7299999999999999E-012   2434408616.5409179     
   2.7400000000000000E-012   2435200213.3700433     
   2.7500000000000002E-012   2433294842.6118531     
   2.7600000000000000E-012   2433840574.3205314     
   2.7700000000000001E-012   2433764365.0499201     
   2.7799999999999999E-012   2437812037.4789357     
   2.7900000000000000E-012   2437719734.6160288     
   2.8000000000000002E-012   2441213515.1913342     
   2.8099999999999999E-012   2444719205.1123824     
   2.8200000000000001E-012   2450464861.2618284     
   2.8299999999999999E-012   2453817205.7907724     
   2.8400000000000000E-012   2456654478.8770318     
   2.8500000000000002E-012   2464515364.4478040     
   2.8599999999999999E-012   2473257738.2038145     
   2.8700000000000001E-012   2480149655.1201134     
   2.8799999999999998E-012   2478922647.9512715     
   2.8900000000000000E-012   2490015255.6719880     
   2.9000000000000002E-012   2495531588.7044988     
   2.9099999999999999E-012   2488790398.7360382     
   2.9200000000000001E-012   2474112844.1356368     
   2.9299999999999998E-012   2463647790.4805875     
   2.9400000000000000E-012   2457945294.5385814     
   2.9500000000000002E-012   2452143437.5227375     
   2.9599999999999999E-012   2444963619.6430058     
   2.9700000000000001E-012   2439758266.6755095     
   2.9799999999999998E-012   2434841993.7351418     
   2.9900000000000000E-012   2431496763.1562181     
   3.0000000000000001E-012   2418909601.2145166     
   3.0099999999999999E-012   2411323209.2656474     
   3.0200000000000001E-012   2400779508.6158600     
   3.0299999999999998E-012   2393106927.9866681     
   3.0400000000000000E-012   2387241386.6775541     
   3.0500000000000001E-012   2384043648.3716764     
   3.0599999999999999E-012   2378197644.7459159     
   3.0700000000000000E-012   2365327732.7350445     
   3.0799999999999998E-012   2356734695.2395830     
   3.0900000000000000E-012   2346654112.2108068     
   3.1000000000000001E-012   2338722558.3316631     
   3.1099999999999999E-012   2324642331.7540212     
   3.1200000000000000E-012   2313923009.6234851     
   3.1300000000000002E-012   2293931452.8651142     
   3.1399999999999999E-012   2284361973.0738063     
   3.1500000000000001E-012   2278657397.7372499     
   3.1599999999999999E-012   2272475639.1169472     
   3.1700000000000000E-012   2260440093.4999981     
   3.1800000000000002E-012   2244917168.8392487     
   3.1899999999999999E-012   2232897794.4399219     
   3.2000000000000001E-012   2212378259.5460896     
   3.2099999999999999E-012   2189789169.3583536     
   3.2200000000000000E-012   2167724520.7477870     
   3.2300000000000002E-012   2146767033.8752654     
   3.2399999999999999E-012   2122414483.9055774     
   3.2500000000000001E-012   2101229353.5111847     
   3.2599999999999998E-012   2090713633.7137942     
   3.2700000000000000E-012   2079368881.5850661     
   3.2800000000000002E-012   2065231203.8875492     
   3.2899999999999999E-012   2052268895.8197734     
   3.3000000000000001E-012   2037651840.1689701     
   3.3099999999999998E-012   2024288478.6162887     
   3.3200000000000000E-012   2004582788.7828026     
   3.3300000000000001E-012   1988307119.7687924     
   3.3399999999999999E-012   1976915935.2967339     
   3.3500000000000001E-012   1972909002.7242692     
   3.3599999999999998E-012   1967464537.6848431     
   3.3700000000000000E-012   1965009392.1245780     
   3.3800000000000001E-012   1959969480.2003803     
   3.3899999999999999E-012   1965387518.7992308     
   3.4000000000000001E-012   1966360015.2560196     
   3.4099999999999998E-012   1971900274.5452406     
   3.4200000000000000E-012   1984607428.4769187     
   3.4300000000000001E-012   2008183793.9068203     
   3.4399999999999999E-012   2031511245.6849306     
   3.4500000000000000E-012   2060969827.8075466     
   3.4599999999999998E-012   2092318572.4186275     
   3.4700000000000000E-012   2122103998.9624391     
   3.4800000000000001E-012   2142052558.4431367     
   3.4899999999999999E-012   2160907088.3559465     
   3.5000000000000000E-012   2175735002.6698585     
   3.5100000000000002E-012   2195883507.3090611     
   3.5199999999999999E-012   2217102451.5424848     
   3.5300000000000001E-012   2238450776.6895084     
   3.5399999999999999E-012   2269380095.1088462     
   3.5500000000000000E-012   2294323409.2184472     
   3.5600000000000002E-012   2326078569.2366176     
   3.5699999999999999E-012   2355951204.0169702     
   3.5800000000000001E-012   2382099289.8858004     
   3.5899999999999998E-012   2406242274.9142418     
   3.6000000000000000E-012   2435693497.9694991     
   3.6100000000000002E-012   2465435707.2547040     
   3.6199999999999999E-012   2491522210.4946985     
   3.6300000000000001E-012   2518049681.4630322     
   3.6399999999999998E-012   2546521126.3123775     
   3.6500000000000000E-012   2581662633.0583053     
   3.6600000000000002E-012   2609259320.2407627     
   3.6700000000000003E-012   2631523455.9242768     
   3.6799999999999997E-012   2643784770.2582726     
   3.6899999999999998E-012   2649414350.5744572     
   3.7000000000000000E-012   2650282313.1848569     
   3.7100000000000001E-012   2647954769.6356974     
   3.7200000000000003E-012   2648329784.6184978     
   3.7299999999999997E-012   2638593323.5709686     
   3.7399999999999998E-012   2622754288.9065471     
   3.7500000000000000E-012   2609086403.9982572     
   3.7600000000000001E-012   2602115839.5901923     
   3.7700000000000003E-012   2594148472.7776966     
   3.7799999999999996E-012   2587600811.7949839     
   3.7899999999999998E-012   2582169411.8838191     
   3.8000000000000000E-012   2576412145.0032196     
   3.8100000000000001E-012   2569951129.8021502     
   3.8200000000000003E-012   2568906072.3965163     
   3.8299999999999996E-012   2569667436.8696413     
   3.8399999999999998E-012   2565772195.4648824     
   3.8500000000000000E-012   2560260243.7101979     
   3.8600000000000001E-012   2553630676.2171631     
   3.8700000000000003E-012   2547457597.8827510     
   3.8799999999999996E-012   2539787998.2204776     
   3.8899999999999998E-012   2536352400.3163562     
   3.8999999999999999E-012   2541369138.8225775     
   3.9100000000000001E-012   2539234634.3657532     
   3.9200000000000003E-012   2522526477.2700291     
   3.9299999999999996E-012   2510044788.0555215     
   3.9399999999999998E-012   2501889655.0513806     
   3.9499999999999999E-012   2493465175.7950373     
   3.9600000000000001E-012   2493767157.1207166     
   3.9700000000000002E-012   2491104704.3643813     
   3.9799999999999996E-012   2485194072.7788329     
   3.9899999999999998E-012   2476400950.1811252     
   3.9999999999999999E-012   2469781381.8027577     
   4.0100000000000001E-012   2464648317.2710152     
   4.0200000000000002E-012   2453319637.7051511     
   4.0300000000000004E-012   2435793612.4340000     
   4.0399999999999997E-012   2428925845.9010205     
   4.0499999999999999E-012   2421956870.2915502     
   4.0600000000000001E-012   2414570516.3340173     
   4.0700000000000002E-012   2408531733.3696771     
   4.0800000000000004E-012   2407384809.2387438     
   4.0899999999999997E-012   2405900342.9903207     
   4.0999999999999999E-012   2402724062.2781634     
   4.1100000000000001E-012   2393945944.9725394     
   4.1200000000000002E-012   2384033595.7285614     
   4.1300000000000004E-012   2370354631.3432026     
   4.1399999999999997E-012   2353150884.4919086     
   4.1499999999999999E-012   2343194904.5990601     
   4.1600000000000000E-012   2336245841.9201474     
   4.1700000000000002E-012   2333508902.0908580     
   4.1800000000000004E-012   2326433676.5687013     
   4.1899999999999997E-012   2325154897.9495544     
   4.1999999999999999E-012   2322183247.4125772     
   4.2100000000000000E-012   2315153620.1087489     
   4.2200000000000002E-012   2308213962.1377439     
   4.2300000000000004E-012   2296463091.7859740     
   4.2399999999999997E-012   2288026923.7488813     
   4.2499999999999999E-012   2280046130.5609784     
   4.2600000000000000E-012   2279320693.5613298     
   4.2700000000000002E-012   2278998259.1170053     
   4.2800000000000003E-012   2276247636.5248394     
   4.2899999999999997E-012   2276663422.7137365     
   4.2999999999999999E-012   2279224584.6210189     
   4.3100000000000000E-012   2273670428.8948636     
   4.3200000000000002E-012   2262986052.7996140     
   4.3300000000000003E-012   2251826446.2770333     
   4.3399999999999997E-012   2237555667.7285972     
   4.3499999999999998E-012   2230020384.5855908     
   4.3600000000000000E-012   2230422123.0065060     
   4.3700000000000002E-012   2226493683.9773884     
   4.3800000000000003E-012   2234162258.7590108     
   4.3899999999999997E-012   2238408488.2838988     
   4.3999999999999998E-012   2236935048.6010094     
   4.4100000000000000E-012   2228723979.1554232     
   4.4200000000000001E-012   2223511026.1728835     
   4.4300000000000003E-012   2223944700.0902939     
   4.4399999999999997E-012   2227097398.2940383     
   4.4499999999999998E-012   2231751852.0948682     
   4.4600000000000000E-012   2235107262.7268610     
   4.4700000000000001E-012   2238416718.4701014     
   4.4800000000000003E-012   2242399268.0121317     
   4.4899999999999996E-012   2250201000.5777698     
   4.4999999999999998E-012   2254639793.6942749     
   4.5100000000000000E-012   2271540160.9809227     
   4.5200000000000001E-012   2281449457.7739968     
   4.5300000000000003E-012   2286103213.0334859     
   4.5399999999999996E-012   2277555374.5526457     
   4.5499999999999998E-012   2263224059.7162709     
   4.5600000000000000E-012   2251544996.2510667     
   4.5700000000000001E-012   2242192831.7663426     
   4.5800000000000003E-012   2237127428.9059062     
   4.5899999999999996E-012   2234062603.9482388     
   4.5999999999999998E-012   2224224222.1967058     
   4.6099999999999999E-012   2217838632.7949252     
   4.6200000000000001E-012   2219582593.5424542     
   4.6300000000000003E-012   2217916488.9201293     
   4.6399999999999996E-012   2213027441.6007309     
   4.6499999999999998E-012   2207773411.0602331     
   4.6599999999999999E-012   2205123854.9625382     
   4.6700000000000001E-012   2199699604.6423893     
   4.6800000000000003E-012   2198287860.5100036     
   4.6899999999999996E-012   2195445565.4815917     
   4.6999999999999998E-012   2201548309.0912743     
   4.7099999999999999E-012   2206981647.4801769     
   4.7200000000000001E-012   2201503688.0600481     
   4.7300000000000002E-012   2203879560.7818990     
   4.7399999999999996E-012   2196253692.2875524     
   4.7499999999999998E-012   2188284267.1027317     
   4.7599999999999999E-012   2181652168.4513731     
   4.7700000000000001E-012   2175088084.8339462     
   4.7800000000000002E-012   2177344432.4472671     
   4.7900000000000004E-012   2180643489.1427970     
   4.7999999999999997E-012   2189398544.2092199     
   4.8099999999999999E-012   2197095463.7320151     
   4.8200000000000001E-012   2197762130.4560685     
   4.8300000000000002E-012   2200611076.1959567     
   4.8400000000000004E-012   2203324698.7844405     
   4.8499999999999997E-012   2204958501.5860863     
   4.8599999999999999E-012   2202424613.6352601     
   4.8700000000000000E-012   2204876506.6303859     
   4.8800000000000002E-012   2216924077.3484325     
   4.8900000000000004E-012   2231332760.8729753     
   4.8999999999999997E-012   2243336508.8511152     
   4.9099999999999999E-012   2255380033.8713660     
   4.9200000000000000E-012   2264444028.2285686     
   4.9300000000000002E-012   2272242662.7343173     
   4.9400000000000004E-012   2274967560.9240570     
   4.9499999999999997E-012   2268990540.1877775     
   4.9599999999999999E-012   2267982703.9632196     
   4.9700000000000000E-012   2260441968.2505140     
   4.9800000000000002E-012   2254415911.3927479     
   4.9900000000000003E-012   2251102970.6639194     
