   0.0000000000000000        80059633361.196167     
   1.0000000000000000E-014   77163679746.613007     
   2.0000000000000000E-014   74395329406.893433     
   2.9999999999999998E-014   71761498815.242355     
   4.0000000000000000E-014   69235647052.276611     
   5.0000000000000002E-014   66825252157.947792     
   5.9999999999999997E-014   64511942424.922844     
   7.0000000000000005E-014   62289387340.055145     
   8.0000000000000000E-014   60154541980.718475     
   8.9999999999999995E-014   58110060187.357986     
   1.0000000000000000E-013   56150243952.993584     
   1.1000000000000000E-013   54263896909.422470     
   1.1999999999999999E-013   52456344660.724106     
   1.3000000000000000E-013   50720231775.006554     
   1.4000000000000001E-013   49058372217.397507     
   1.4999999999999999E-013   47459959391.044495     
   1.6000000000000000E-013   45930696913.267113     
   1.7000000000000001E-013   44458638795.223152     
   1.7999999999999999E-013   43053382732.634476     
   1.9000000000000000E-013   41697166105.280563     
   2.0000000000000001E-013   40395901675.220230     
   2.0999999999999999E-013   39148166992.104759     
   2.2000000000000000E-013   37944481112.667816     
   2.2999999999999998E-013   36797732412.543793     
   2.3999999999999999E-013   35695979199.006325     
   2.4999999999999999E-013   34627199355.697258     
   2.6000000000000000E-013   33588526744.022411     
   2.7000000000000001E-013   32593149653.953121     
   2.8000000000000002E-013   31631514547.000351     
   2.8999999999999998E-013   30703254224.839096     
   2.9999999999999998E-013   29804731399.079948     
   3.0999999999999999E-013   28929998933.592720     
   3.2000000000000000E-013   28085685058.204842     
   3.3000000000000001E-013   27275144905.358814     
   3.4000000000000002E-013   26492266768.201492     
   3.5000000000000002E-013   25733684684.493782     
   3.5999999999999998E-013   25003533652.306988     
   3.6999999999999999E-013   24300936641.161701     
   3.8000000000000000E-013   23629265674.911243     
   3.9000000000000000E-013   22972945519.455883     
   4.0000000000000001E-013   22342197679.148643     
   4.1000000000000002E-013   21739307233.760860     
   4.1999999999999998E-013   21141055327.733158     
   4.2999999999999999E-013   20560257153.532131     
   4.3999999999999999E-013   20004036781.693867     
   4.5000000000000000E-013   19464419264.862915     
   4.5999999999999996E-013   18938283073.297127     
   4.7000000000000002E-013   18416708176.505630     
   4.7999999999999997E-013   17924735718.926918     
   4.9000000000000003E-013   17443134745.505123     
   4.9999999999999999E-013   16972523428.563984     
   5.1000000000000005E-013   16522497022.031322     
   5.2000000000000001E-013   16085474945.136515     
   5.2999999999999996E-013   15660443603.703848     
   5.4000000000000002E-013   15249951321.027937     
   5.4999999999999998E-013   14870177650.388130     
   5.6000000000000004E-013   14505815319.849730     
   5.6999999999999999E-013   14153614921.020792     
   5.7999999999999995E-013   13819258124.630886     
   5.9000000000000001E-013   13494242366.739363     
   5.9999999999999997E-013   13186067048.892195     
   6.1000000000000003E-013   12885354401.772913     
   6.1999999999999998E-013   12599915056.076645     
   6.3000000000000004E-013   12323247571.140425     
   6.4000000000000000E-013   12052276644.022486     
   6.4999999999999996E-013   11789824207.945589     
   6.6000000000000001E-013   11539966988.152580     
   6.6999999999999997E-013   11288397306.466080     
   6.8000000000000003E-013   11038869280.705904     
   6.8999999999999999E-013   10793784805.479368     
   7.0000000000000005E-013   10556376826.868183     
   7.1000000000000000E-013   10331488062.037275     
   7.1999999999999996E-013   10112656414.000420     
   7.3000000000000002E-013   9895984283.0836926     
   7.3999999999999998E-013   9688769292.2841072     
   7.5000000000000004E-013   9489125025.2133369     
   7.5999999999999999E-013   9288284898.5526047     
   7.6999999999999995E-013   9097759847.1515446     
   7.8000000000000001E-013   8910806084.3621292     
   7.8999999999999997E-013   8723707625.1547127     
   8.0000000000000002E-013   8540704219.9170637     
   8.0999999999999998E-013   8366445849.7431374     
   8.2000000000000004E-013   8196222807.8369770     
   8.3000000000000000E-013   8025671232.3375263     
   8.3999999999999995E-013   7865107757.2821369     
   8.5000000000000001E-013   7712686815.8822556     
   8.5999999999999997E-013   7562863082.9886942     
   8.7000000000000003E-013   7419819412.2498636     
   8.7999999999999999E-013   7285631730.8481112     
   8.9000000000000004E-013   7150038367.2611475     
   9.0000000000000000E-013   7019797725.4794960     
   9.0999999999999996E-013   6896165647.7068243     
   9.1999999999999992E-013   6773640323.7748737     
   9.3000000000000008E-013   6656268349.8832216     
   9.4000000000000003E-013   6543241647.8396177     
   9.4999999999999999E-013   6436288627.9679518     
   9.5999999999999995E-013   6339064203.0415716     
   9.6999999999999991E-013   6249177813.8406525     
   9.8000000000000007E-013   6167620988.3513060     
   9.9000000000000002E-013   6091850890.2615395     
   9.9999999999999998E-013   6010486375.3139973     
   1.0099999999999999E-012   5924841894.8952913     
   1.0200000000000001E-012   5830566540.3761234     
   1.0300000000000001E-012   5750647051.9327078     
   1.0400000000000000E-012   5670586575.9432755     
   1.0500000000000000E-012   5588410547.9440212     
   1.0599999999999999E-012   5521722712.8196516     
   1.0700000000000001E-012   5460656413.3941221     
   1.0800000000000000E-012   5396971479.9918575     
   1.0900000000000000E-012   5333776095.7031813     
   1.1000000000000000E-012   5280263370.2193422     
   1.1099999999999999E-012   5232440662.6852598     
   1.1200000000000001E-012   5182386467.6555033     
   1.1300000000000000E-012   5139604491.8623810     
   1.1400000000000000E-012   5087153784.7531967     
   1.1499999999999999E-012   5036090529.0482569     
   1.1599999999999999E-012   4987401842.9507904     
   1.1700000000000001E-012   4934665085.4843493     
   1.1800000000000000E-012   4889599815.8549566     
   1.1900000000000000E-012   4846584044.7896481     
   1.1999999999999999E-012   4807316920.4418297     
   1.2100000000000001E-012   4759197992.1253834     
   1.2200000000000001E-012   4709260029.3561811     
   1.2300000000000000E-012   4659952444.0870953     
   1.2400000000000000E-012   4608698395.7197981     
   1.2499999999999999E-012   4558679983.7522354     
   1.2600000000000001E-012   4520802543.8542805     
   1.2700000000000000E-012   4482745687.8560753     
   1.2800000000000000E-012   4442851473.8214893     
   1.2900000000000000E-012   4409389565.8064756     
   1.2999999999999999E-012   4367117942.1524429     
   1.3100000000000001E-012   4331885020.8023252     
   1.3200000000000000E-012   4293296566.2623782     
   1.3300000000000000E-012   4254293911.2692924     
   1.3399999999999999E-012   4227365483.6851583     
   1.3499999999999999E-012   4196963939.9721985     
   1.3600000000000001E-012   4171281868.3688631     
   1.3700000000000000E-012   4138973123.2625003     
   1.3800000000000000E-012   4101011343.5565395     
   1.3899999999999999E-012   4060059253.9428816     
   1.4000000000000001E-012   4030826157.4457760     
   1.4100000000000001E-012   4003590381.3730631     
   1.4200000000000000E-012   3983847033.3479047     
   1.4300000000000000E-012   3958654380.6395917     
   1.4399999999999999E-012   3947750500.5888076     
   1.4500000000000001E-012   3938639670.1219425     
   1.4600000000000000E-012   3920514550.7424512     
   1.4700000000000000E-012   3904060745.2712011     
   1.4800000000000000E-012   3883735789.1611171     
   1.4899999999999999E-012   3873758902.8536754     
   1.5000000000000001E-012   3850300521.0223227     
   1.5100000000000000E-012   3823524849.4140935     
   1.5200000000000000E-012   3789510131.4252381     
   1.5299999999999999E-012   3755968881.5761070     
   1.5399999999999999E-012   3727597732.9776239     
   1.5500000000000001E-012   3693384289.3883185     
   1.5600000000000000E-012   3662902051.4653730     
   1.5700000000000000E-012   3635674294.7209549     
   1.5799999999999999E-012   3617891945.3115745     
   1.5900000000000001E-012   3595672038.2822585     
   1.6000000000000000E-012   3568126876.1844339     
   1.6100000000000000E-012   3541204646.5020108     
   1.6200000000000000E-012   3521051034.7113690     
   1.6299999999999999E-012   3491901720.2305803     
   1.6400000000000001E-012   3460746634.8932652     
   1.6500000000000000E-012   3429061353.0382252     
   1.6600000000000000E-012   3392209386.4549532     
   1.6700000000000000E-012   3361640255.6591105     
   1.6799999999999999E-012   3334466875.9128928     
   1.6900000000000001E-012   3306331374.5609894     
   1.7000000000000000E-012   3287644770.4113235     
   1.7100000000000000E-012   3269148290.4297814     
   1.7199999999999999E-012   3242617393.8251572     
   1.7299999999999999E-012   3202332727.2988238     
   1.7400000000000001E-012   3159974146.1617045     
   1.7500000000000000E-012   3122658681.1067581     
   1.7600000000000000E-012   3071537361.1283092     
   1.7699999999999999E-012   3027360532.0990286     
   1.7800000000000001E-012   2988663944.9814835     
   1.7900000000000000E-012   2956607535.2833800     
   1.8000000000000000E-012   2926915195.3456559     
   1.8100000000000000E-012   2894400779.5234752     
   1.8199999999999999E-012   2852546312.7201023     
   1.8300000000000001E-012   2818864994.5147820     
   1.8399999999999998E-012   2782501444.4643788     
   1.8500000000000000E-012   2748248871.6578870     
   1.8600000000000002E-012   2720506130.4432869     
   1.8699999999999999E-012   2693575881.1893024     
   1.8800000000000001E-012   2666279582.6960292     
   1.8899999999999998E-012   2652141415.7999125     
   1.9000000000000000E-012   2639776676.6304722     
   1.9100000000000001E-012   2629997401.9736934     
   1.9199999999999999E-012   2617601142.4256377     
   1.9300000000000001E-012   2612312409.7042022     
   1.9399999999999998E-012   2608825286.3661461     
   1.9500000000000000E-012   2606547848.8075895     
   1.9600000000000001E-012   2591714430.4742374     
   1.9699999999999999E-012   2572508121.2410655     
   1.9800000000000000E-012   2558278953.1965733     
   1.9899999999999998E-012   2544546198.3135452     
   2.0000000000000000E-012   2534973511.0576105     
   2.0100000000000001E-012   2531021540.0513821     
   2.0199999999999999E-012   2526136159.8473907     
   2.0300000000000000E-012   2525168750.3831210     
   2.0400000000000002E-012   2525987092.1437721     
   2.0499999999999999E-012   2525078500.2450809     
   2.0600000000000001E-012   2527859626.1614361     
   2.0699999999999999E-012   2530975250.4737625     
   2.0800000000000000E-012   2535731156.4431238     
   2.0900000000000002E-012   2532691137.7727928     
   2.0999999999999999E-012   2522823784.6365943     
   2.1100000000000001E-012   2517151994.2166305     
   2.1199999999999999E-012   2507330304.8028021     
   2.1300000000000000E-012   2497406935.4547734     
   2.1400000000000002E-012   2488596214.5060053     
   2.1499999999999999E-012   2478457264.6203632     
   2.1600000000000001E-012   2476295544.7803702     
   2.1699999999999998E-012   2478386971.1512780     
   2.1800000000000000E-012   2483938217.9316034     
   2.1900000000000002E-012   2492376726.9457245     
   2.1999999999999999E-012   2498827939.4652090     
   2.2100000000000001E-012   2511213135.9944100     
   2.2199999999999998E-012   2517704963.3016939     
   2.2300000000000000E-012   2529721942.1252174     
   2.2400000000000001E-012   2540686013.3705235     
   2.2499999999999999E-012   2546274694.3524833     
   2.2600000000000001E-012   2549741459.7222180     
   2.2699999999999998E-012   2560487144.4120259     
   2.2800000000000000E-012   2566385528.0243754     
   2.2900000000000001E-012   2570576764.0662022     
   2.2999999999999999E-012   2576817309.5186200     
   2.3100000000000001E-012   2576470005.4894972     
   2.3199999999999998E-012   2574507769.1148720     
   2.3300000000000000E-012   2572891471.0716724     
   2.3400000000000001E-012   2564867641.0419230     
   2.3499999999999999E-012   2552079324.3211031     
   2.3600000000000000E-012   2544916934.8768358     
   2.3699999999999998E-012   2544232498.2598758     
   2.3800000000000000E-012   2545204600.9360251     
   2.3900000000000001E-012   2545160082.6364384     
   2.3999999999999999E-012   2549380632.4122062     
   2.4100000000000000E-012   2555063776.5938034     
   2.4200000000000002E-012   2553272243.3883419     
   2.4299999999999999E-012   2558053610.6957078     
   2.4400000000000001E-012   2562554745.6578870     
   2.4499999999999999E-012   2561737628.8136268     
   2.4600000000000000E-012   2563301238.4116902     
   2.4700000000000002E-012   2574794769.4086504     
   2.4799999999999999E-012   2584085460.3266420     
   2.4900000000000001E-012   2596864503.6420817     
   2.4999999999999998E-012   2606795477.5270357     
   2.5100000000000000E-012   2622739211.1748095     
   2.5200000000000002E-012   2635054345.3903995     
   2.5299999999999999E-012   2655479218.2607746     
   2.5400000000000001E-012   2661260978.5848289     
   2.5499999999999998E-012   2667516117.9493666     
   2.5600000000000000E-012   2681381290.6658034     
   2.5700000000000002E-012   2691966259.6977339     
   2.5799999999999999E-012   2708111796.9035177     
   2.5900000000000001E-012   2726077880.8124814     
   2.5999999999999998E-012   2743622250.8829837     
   2.6100000000000000E-012   2758859778.6160192     
   2.6200000000000001E-012   2763307101.5330839     
   2.6299999999999999E-012   2754195261.7140546     
   2.6400000000000001E-012   2751814283.3062854     
   2.6499999999999998E-012   2742300699.0330529     
   2.6600000000000000E-012   2734659625.4994235     
   2.6700000000000001E-012   2722570164.9515142     
   2.6799999999999999E-012   2715656036.4457798     
   2.6900000000000000E-012   2707361323.6462164     
   2.6999999999999998E-012   2690623313.2235155     
   2.7100000000000000E-012   2670567297.9350133     
   2.7200000000000001E-012   2644747041.9100275     
   2.7299999999999999E-012   2621443480.8141904     
   2.7400000000000000E-012   2599196404.1804729     
   2.7500000000000002E-012   2582299147.8432193     
   2.7600000000000000E-012   2559216185.1392303     
   2.7700000000000001E-012   2538775511.1609092     
   2.7799999999999999E-012   2519507604.2566013     
   2.7900000000000000E-012   2498907669.3562832     
   2.8000000000000002E-012   2474316271.7880802     
   2.8099999999999999E-012   2439483286.0234981     
   2.8200000000000001E-012   2417248160.7053275     
   2.8299999999999999E-012   2396931433.8005548     
   2.8400000000000000E-012   2381171317.9342113     
   2.8500000000000002E-012   2368046986.2969060     
   2.8599999999999999E-012   2357199827.2110581     
   2.8700000000000001E-012   2352165406.7150507     
   2.8799999999999998E-012   2351404032.1065283     
   2.8900000000000000E-012   2340091853.9383550     
   2.9000000000000002E-012   2333567374.4489536     
   2.9099999999999999E-012   2329794577.7860742     
   2.9200000000000001E-012   2324091040.1408358     
   2.9299999999999998E-012   2323889536.1753707     
   2.9400000000000000E-012   2319758989.4579644     
   2.9500000000000002E-012   2313049713.9745712     
   2.9599999999999999E-012   2299978223.3190603     
   2.9700000000000001E-012   2283395385.5015278     
   2.9799999999999998E-012   2268940452.7427840     
   2.9900000000000000E-012   2253596220.5189910     
   3.0000000000000001E-012   2233715278.2828989     
   3.0099999999999999E-012   2207706963.1686001     
   3.0200000000000001E-012   2189480344.8689961     
   3.0299999999999998E-012   2175498752.0623102     
   3.0400000000000000E-012   2163928348.7932372     
   3.0500000000000001E-012   2148877312.9451957     
   3.0599999999999999E-012   2132100924.1330416     
   3.0700000000000000E-012   2117500715.5723674     
   3.0799999999999998E-012   2094871742.2505560     
   3.0900000000000000E-012   2070720628.3617382     
   3.1000000000000001E-012   2043832273.1287534     
   3.1099999999999999E-012   2016929935.2536964     
   3.1200000000000000E-012   1992810259.1489983     
   3.1300000000000002E-012   1966216654.3572676     
   3.1399999999999999E-012   1943277328.4903114     
   3.1500000000000001E-012   1931595100.7608848     
   3.1599999999999999E-012   1919396308.4005415     
   3.1700000000000000E-012   1906922383.3726473     
   3.1800000000000002E-012   1900876289.2115989     
   3.1899999999999999E-012   1889933157.8338401     
   3.2000000000000001E-012   1895897795.5389438     
   3.2099999999999999E-012   1905931375.4483345     
   3.2200000000000000E-012   1922441181.1324396     
   3.2300000000000002E-012   1930658678.0721769     
   3.2399999999999999E-012   1929138360.2588751     
   3.2500000000000001E-012   1928871264.6042118     
   3.2599999999999998E-012   1929796542.7603502     
   3.2700000000000000E-012   1923916072.2689414     
   3.2800000000000002E-012   1921731580.1837332     
   3.2899999999999999E-012   1928571754.5031271     
   3.3000000000000001E-012   1933482736.2560890     
   3.3099999999999998E-012   1942798170.8121490     
   3.3200000000000000E-012   1954574334.7089860     
   3.3300000000000001E-012   1967998544.4162533     
   3.3399999999999999E-012   1992518097.8878839     
   3.3500000000000001E-012   2006966096.5363848     
   3.3599999999999998E-012   2015950584.8790262     
   3.3700000000000000E-012   2027301699.0457640     
   3.3800000000000001E-012   2036929300.6870003     
   3.3899999999999999E-012   2051822254.8527267     
   3.4000000000000001E-012   2067748757.8311291     
   3.4099999999999998E-012   2086052561.8706131     
   3.4200000000000000E-012   2097032954.3183897     
   3.4300000000000001E-012   2112647306.6560686     
   3.4399999999999999E-012   2135991689.4040160     
   3.4500000000000000E-012   2163423764.5792041     
   3.4599999999999998E-012   2177700645.5320139     
   3.4700000000000000E-012   2194506198.3080578     
   3.4800000000000001E-012   2204425697.3395281     
   3.4899999999999999E-012   2213304011.1440868     
   3.5000000000000000E-012   2209850059.4594555     
   3.5100000000000002E-012   2205346241.9775906     
   3.5199999999999999E-012   2197579276.4274626     
   3.5300000000000001E-012   2197659934.8002324     
   3.5399999999999999E-012   2210901215.9840250     
   3.5500000000000000E-012   2223813533.6435375     
   3.5600000000000002E-012   2229083755.2473097     
   3.5699999999999999E-012   2236093226.8727016     
   3.5800000000000001E-012   2245634837.2531772     
   3.5899999999999998E-012   2254751060.8229604     
   3.6000000000000000E-012   2262725235.6969290     
   3.6100000000000002E-012   2268582101.6999059     
   3.6199999999999999E-012   2268802682.0335259     
   3.6300000000000001E-012   2262850017.2514248     
   3.6399999999999998E-012   2258449109.1776357     
   3.6500000000000000E-012   2258597649.0311646     
   3.6600000000000002E-012   2260964624.1637201     
   3.6700000000000003E-012   2263261777.6093068     
   3.6799999999999997E-012   2265935727.0262451     
   3.6899999999999998E-012   2263919423.5538669     
   3.7000000000000000E-012   2261315254.6811614     
   3.7100000000000001E-012   2256710659.3355656     
   3.7200000000000003E-012   2247107698.9681616     
   3.7299999999999997E-012   2245872262.2077098     
   3.7399999999999998E-012   2250923247.3472939     
   3.7500000000000000E-012   2254531598.5973387     
   3.7600000000000001E-012   2256023185.6110215     
   3.7700000000000003E-012   2258776417.6624031     
   3.7799999999999996E-012   2259177328.5068784     
   3.7899999999999998E-012   2258965908.0043740     
   3.8000000000000000E-012   2258515988.7718492     
   3.8100000000000001E-012   2262490205.9969835     
   3.8200000000000003E-012   2271874653.6076789     
   3.8299999999999996E-012   2274297030.2947221     
   3.8399999999999998E-012   2271602815.6114650     
   3.8500000000000000E-012   2270481195.1276274     
   3.8600000000000001E-012   2267597415.9414945     
   3.8700000000000003E-012   2261440171.6185355     
   3.8799999999999996E-012   2245971469.3743629     
   3.8899999999999998E-012   2223230641.8234296     
   3.8999999999999999E-012   2202361593.2428207     
   3.9100000000000001E-012   2183891097.0679402     
   3.9200000000000003E-012   2160023707.9479384     
   3.9299999999999996E-012   2142475176.1667287     
   3.9399999999999998E-012   2129639808.2187884     
   3.9499999999999999E-012   2113428695.4385602     
   3.9600000000000001E-012   2094391124.2877667     
   3.9700000000000002E-012   2078986669.7121823     
   3.9799999999999996E-012   2058596191.1887472     
   3.9899999999999998E-012   2041988943.4119771     
   3.9999999999999999E-012   2036738591.2822733     
   4.0100000000000001E-012   2034302725.1214488     
   4.0200000000000002E-012   2030699609.6127048     
   4.0300000000000004E-012   2027122417.6229100     
   4.0399999999999997E-012   2028574990.8461285     
   4.0499999999999999E-012   2033310816.1280532     
   4.0600000000000001E-012   2038301658.4527714     
   4.0700000000000002E-012   2047526968.0625939     
   4.0800000000000004E-012   2056510671.9753351     
   4.0899999999999997E-012   2064083001.5155776     
   4.0999999999999999E-012   2071072245.2406735     
   4.1100000000000001E-012   2069059639.4428830     
   4.1200000000000002E-012   2059590686.1293919     
   4.1300000000000004E-012   2054843124.9661734     
   4.1399999999999997E-012   2041629291.2154646     
   4.1499999999999999E-012   2046368349.1666791     
   4.1600000000000000E-012   2051720627.7972796     
   4.1700000000000002E-012   2050353071.1630273     
   4.1800000000000004E-012   2051623728.5095873     
   4.1899999999999997E-012   2042169461.8463268     
   4.1999999999999999E-012   2034194144.8382370     
   4.2100000000000000E-012   2025691598.8018162     
   4.2200000000000002E-012   2020436827.6449857     
   4.2300000000000004E-012   2008999189.8583624     
   4.2399999999999997E-012   2007018453.2437918     
   4.2499999999999999E-012   2012832647.0591214     
   4.2600000000000000E-012   2022396443.8720660     
   4.2700000000000002E-012   2029169183.0192919     
   4.2800000000000003E-012   2036545601.2514253     
   4.2899999999999997E-012   2046916983.1384251     
   4.2999999999999999E-012   2063346730.8539112     
   4.3100000000000000E-012   2075357560.9449472     
   4.3200000000000002E-012   2090589483.2729239     
   4.3300000000000003E-012   2099343851.1093667     
   4.3399999999999997E-012   2108524536.1433985     
   4.3499999999999998E-012   2114118798.6879683     
   4.3600000000000000E-012   2120006344.2520308     
   4.3700000000000002E-012   2120408116.0246985     
   4.3800000000000003E-012   2114274914.4857099     
   4.3899999999999997E-012   2111030034.0055172     
   4.3999999999999998E-012   2105236826.4858284     
   4.4100000000000000E-012   2104713939.2241488     
   4.4200000000000001E-012   2110346075.7402754     
   4.4300000000000003E-012   2114519050.7294576     
   4.4399999999999997E-012   2116943727.9042888     
   4.4499999999999998E-012   2118099826.2090728     
   4.4600000000000000E-012   2114337032.1232712     
   4.4700000000000001E-012   2111288013.6629515     
   4.4800000000000003E-012   2111360863.6204901     
   4.4899999999999996E-012   2118892679.2103455     
   4.4999999999999998E-012   2127825304.6549599     
   4.5100000000000000E-012   2140315855.9486916     
   4.5200000000000001E-012   2150076597.7707276     
   4.5300000000000003E-012   2159599952.6720662     
   4.5399999999999996E-012   2172796578.9563823     
   4.5499999999999998E-012   2181836836.6139598     
   4.5600000000000000E-012   2187617133.8359938     
   4.5700000000000001E-012   2188215921.5620680     
   4.5800000000000003E-012   2185921658.3382025     
   4.5899999999999996E-012   2181471524.6270571     
   4.5999999999999998E-012   2175866771.7001381     
   4.6099999999999999E-012   2184236365.6902246     
   4.6200000000000001E-012   2193847682.4559941     
   4.6300000000000003E-012   2204480447.6497645     
   4.6399999999999996E-012   2213206241.5627675     
   4.6499999999999998E-012   2208231900.3595648     
   4.6599999999999999E-012   2209773405.9815269     
   4.6700000000000001E-012   2214879211.4602413     
   4.6800000000000003E-012   2213153330.0451264     
   4.6899999999999996E-012   2219616423.8574195     
   4.6999999999999998E-012   2226320840.8227582     
   4.7099999999999999E-012   2235257969.1603942     
   4.7200000000000001E-012   2255489516.4379048     
   4.7300000000000002E-012   2275000062.2886462     
   4.7399999999999996E-012   2287771607.4512148     
   4.7499999999999998E-012   2299890940.9708247     
   4.7599999999999999E-012   2315572665.7641249     
   4.7700000000000001E-012   2341285521.1928864     
   4.7800000000000002E-012   2364915824.3617296     
   4.7900000000000004E-012   2386726270.1699080     
   4.7999999999999997E-012   2407027914.5625553     
   4.8099999999999999E-012   2425103053.7143221     
   4.8200000000000001E-012   2441159190.9671602     
   4.8300000000000002E-012   2448514510.7429442     
   4.8400000000000004E-012   2461601316.1531448     
   4.8499999999999997E-012   2479804079.9414492     
   4.8599999999999999E-012   2494253315.8899555     
   4.8700000000000000E-012   2509093378.3210487     
   4.8800000000000002E-012   2527989770.3405590     
   4.8900000000000004E-012   2537432944.2437053     
   4.8999999999999997E-012   2538584190.8765655     
   4.9099999999999999E-012   2530169305.0554566     
   4.9200000000000000E-012   2514623703.4355483     
   4.9300000000000002E-012   2501550821.3814101     
   4.9400000000000004E-012   2494489474.5203190     
   4.9499999999999997E-012   2488687112.9581738     
   4.9599999999999999E-012   2483326867.5770841     
   4.9700000000000000E-012   2475792065.8165483     
   4.9800000000000002E-012   2471550947.0195022     
   4.9900000000000003E-012   2471028687.1365051     
