   0.0000000000000000        90529555290.609100     
   1.0000000000000000E-014   86173497614.415283     
   2.0000000000000000E-014   82053744361.740768     
   2.9999999999999998E-014   78168762636.200974     
   4.0000000000000000E-014   74499241529.643234     
   5.0000000000000002E-014   71049115745.115631     
   5.9999999999999997E-014   67787485400.994308     
   7.0000000000000005E-014   64690013143.293800     
   8.0000000000000000E-014   61746311533.445251     
   8.9999999999999995E-014   58963431405.918793     
   1.0000000000000000E-013   56334358474.091286     
   1.1000000000000000E-013   53833241892.759811     
   1.1999999999999999E-013   51452722857.761108     
   1.3000000000000000E-013   49209119598.694504     
   1.4000000000000001E-013   47077201075.197365     
   1.4999999999999999E-013   45060968728.110077     
   1.6000000000000000E-013   43146075519.047539     
   1.7000000000000001E-013   41328375607.528191     
   1.7999999999999999E-013   39578106749.229439     
   1.9000000000000000E-013   37922554834.950256     
   2.0000000000000001E-013   36349270310.941673     
   2.0999999999999999E-013   34849876648.063469     
   2.2000000000000000E-013   33428709817.471146     
   2.2999999999999998E-013   32071729911.784019     
   2.3999999999999999E-013   30780326618.728432     
   2.4999999999999999E-013   29544707343.809830     
   2.6000000000000000E-013   28372919712.506245     
   2.7000000000000001E-013   27271825844.130558     
   2.8000000000000002E-013   26238958089.086433     
   2.8999999999999998E-013   25250833017.091599     
   2.9999999999999998E-013   24319429561.809395     
   3.0999999999999999E-013   23439167760.286968     
   3.2000000000000000E-013   22594993150.918610     
   3.3000000000000001E-013   21802892059.266434     
   3.4000000000000002E-013   21049206679.637482     
   3.5000000000000002E-013   20332800587.411686     
   3.5999999999999998E-013   19650326243.469498     
   3.6999999999999999E-013   18999074407.678902     
   3.8000000000000000E-013   18381618481.625721     
   3.9000000000000000E-013   17800832065.315769     
   4.0000000000000001E-013   17262775298.568321     
   4.1000000000000002E-013   16756627277.311716     
   4.1999999999999998E-013   16263685101.997751     
   4.2999999999999999E-013   15803024543.468487     
   4.3999999999999999E-013   15371442986.673782     
   4.5000000000000000E-013   14960457151.762783     
   4.5999999999999996E-013   14559868486.056316     
   4.7000000000000002E-013   14173014643.655237     
   4.7999999999999997E-013   13794544791.299540     
   4.9000000000000003E-013   13436719727.052235     
   4.9999999999999999E-013   13074068361.086727     
   5.1000000000000005E-013   12739734368.549799     
   5.2000000000000001E-013   12416976566.044903     
   5.2999999999999996E-013   12120379693.503376     
   5.4000000000000002E-013   11846956336.307898     
   5.4999999999999998E-013   11593812183.255884     
   5.6000000000000004E-013   11352005238.302105     
   5.6999999999999999E-013   11105700059.983639     
   5.7999999999999995E-013   10874358827.797050     
   5.9000000000000001E-013   10643534898.499207     
   5.9999999999999997E-013   10423640904.632933     
   6.1000000000000003E-013   10214025457.860651     
   6.1999999999999998E-013   10005557817.897556     
   6.3000000000000004E-013   9809117927.0725079     
   6.4000000000000000E-013   9615299326.0673237     
   6.4999999999999996E-013   9411431294.8857975     
   6.6000000000000001E-013   9224265035.3056984     
   6.6999999999999997E-013   9044901298.1495895     
   6.8000000000000003E-013   8874596839.3216209     
   6.8999999999999999E-013   8721986381.8257599     
   7.0000000000000005E-013   8571022769.9304552     
   7.1000000000000000E-013   8439020625.2421188     
   7.1999999999999996E-013   8300493153.4544630     
   7.3000000000000002E-013   8168034901.6369619     
   7.3999999999999998E-013   8037446277.9278507     
   7.5000000000000004E-013   7910158167.3427677     
   7.5999999999999999E-013   7780035139.0330048     
   7.6999999999999995E-013   7644934603.7182970     
   7.8000000000000001E-013   7517671540.7433691     
   7.8999999999999997E-013   7408829125.7864304     
   8.0000000000000002E-013   7299025231.8960247     
   8.0999999999999998E-013   7177104077.2542086     
   8.2000000000000004E-013   7080563892.9551029     
   8.3000000000000000E-013   6986154704.8323135     
   8.3999999999999995E-013   6895653923.4010506     
   8.5000000000000001E-013   6812661132.4816971     
   8.5999999999999997E-013   6723188217.9189634     
   8.7000000000000003E-013   6636534741.8045292     
   8.7999999999999999E-013   6548788678.6683683     
   8.9000000000000004E-013   6471529863.8518782     
   9.0000000000000000E-013   6401533499.9254560     
   9.0999999999999996E-013   6339611878.4900923     
   9.1999999999999992E-013   6282739681.5569668     
   9.3000000000000008E-013   6214390060.9442167     
   9.4000000000000003E-013   6140765416.7802801     
   9.4999999999999999E-013   6067572677.5897942     
   9.5999999999999995E-013   6009036511.7489586     
   9.6999999999999991E-013   5945056735.1315098     
   9.8000000000000007E-013   5893862324.4959192     
   9.9000000000000002E-013   5868294468.0389042     
   9.9999999999999998E-013   5850216896.7919674     
   1.0099999999999999E-012   5838273765.7921371     
   1.0200000000000001E-012   5832365368.9894600     
   1.0300000000000001E-012   5835029153.4973774     
   1.0400000000000000E-012   5834325383.2432785     
   1.0500000000000000E-012   5830743401.7947397     
   1.0599999999999999E-012   5832468649.1350698     
   1.0700000000000001E-012   5835983793.6662512     
   1.0800000000000000E-012   5836270094.2324114     
   1.0900000000000000E-012   5841906907.2111254     
   1.1000000000000000E-012   5833411336.9371729     
   1.1099999999999999E-012   5821478596.4175062     
   1.1200000000000001E-012   5800747267.0518675     
   1.1300000000000000E-012   5784377666.4714098     
   1.1400000000000000E-012   5771006620.7912560     
   1.1499999999999999E-012   5746561033.9971704     
   1.1599999999999999E-012   5724037814.9565525     
   1.1700000000000001E-012   5704928171.5338326     
   1.1800000000000000E-012   5691611882.9600849     
   1.1900000000000000E-012   5665521640.0959167     
   1.1999999999999999E-012   5639953087.5007057     
   1.2100000000000001E-012   5597254197.6284132     
   1.2200000000000001E-012   5556504366.7376528     
   1.2300000000000000E-012   5539328817.0016069     
   1.2400000000000000E-012   5507086241.8700943     
   1.2499999999999999E-012   5489538016.9709024     
   1.2600000000000001E-012   5467332495.6390610     
   1.2700000000000000E-012   5443944738.9475269     
   1.2800000000000000E-012   5424559600.4697418     
   1.2900000000000000E-012   5396775929.6139450     
   1.2999999999999999E-012   5363283671.0739775     
   1.3100000000000001E-012   5319169900.2000246     
   1.3200000000000000E-012   5288267650.0985518     
   1.3300000000000000E-012   5261381922.2872286     
   1.3399999999999999E-012   5248393376.4946165     
   1.3499999999999999E-012   5234600106.2633801     
   1.3600000000000001E-012   5210715465.2157135     
   1.3700000000000000E-012   5188030521.7419567     
   1.3800000000000000E-012   5164493839.6239653     
   1.3899999999999999E-012   5135203074.4431858     
   1.4000000000000001E-012   5115386151.0065947     
   1.4100000000000001E-012   5097405345.3836746     
   1.4200000000000000E-012   5079668153.3233528     
   1.4300000000000000E-012   5065846304.4063940     
   1.4399999999999999E-012   5045987460.6667929     
   1.4500000000000001E-012   5018164613.0463762     
   1.4600000000000000E-012   4997655002.6606836     
   1.4700000000000000E-012   4979911611.5641451     
   1.4800000000000000E-012   4961164808.0967083     
   1.4899999999999999E-012   4945594816.9554520     
   1.5000000000000001E-012   4931392142.1224813     
   1.5100000000000000E-012   4911547296.8891544     
   1.5200000000000000E-012   4885880120.7719479     
   1.5299999999999999E-012   4856775300.9634247     
   1.5399999999999999E-012   4823355009.4125280     
   1.5500000000000001E-012   4792269520.6521940     
   1.5600000000000000E-012   4750789360.4451237     
   1.5700000000000000E-012   4712261362.9630346     
   1.5799999999999999E-012   4666850491.1435795     
   1.5900000000000001E-012   4606488807.4767542     
   1.6000000000000000E-012   4556411018.1818800     
   1.6100000000000000E-012   4512743771.9259214     
   1.6200000000000000E-012   4478245902.4516325     
   1.6299999999999999E-012   4450875051.5154228     
   1.6400000000000001E-012   4412037562.3643627     
   1.6500000000000000E-012   4373822727.9928713     
   1.6600000000000000E-012   4348600248.6442766     
   1.6700000000000000E-012   4338577780.6956205     
   1.6799999999999999E-012   4332362591.4351768     
   1.6900000000000001E-012   4334436123.3619270     
   1.7000000000000000E-012   4325709891.2351236     
   1.7100000000000000E-012   4321313028.5297823     
   1.7199999999999999E-012   4333271694.5178967     
   1.7299999999999999E-012   4334867217.6880722     
   1.7400000000000001E-012   4349015718.3196802     
   1.7500000000000000E-012   4359132128.4912939     
   1.7600000000000000E-012   4380628305.0263643     
   1.7699999999999999E-012   4406897959.6876602     
   1.7800000000000001E-012   4437229659.7804241     
   1.7900000000000000E-012   4455961573.6433439     
   1.8000000000000000E-012   4469179867.7761765     
   1.8100000000000000E-012   4488649651.5067005     
   1.8199999999999999E-012   4493171148.9368906     
   1.8300000000000001E-012   4518061099.1944437     
   1.8399999999999998E-012   4546224036.8618679     
   1.8500000000000000E-012   4577039384.7299547     
   1.8600000000000002E-012   4606635281.2655449     
   1.8699999999999999E-012   4647105296.0637350     
   1.8800000000000001E-012   4691789151.3696737     
   1.8899999999999998E-012   4741563195.4227943     
   1.9000000000000000E-012   4783907650.6638126     
   1.9100000000000001E-012   4818930550.1813431     
   1.9199999999999999E-012   4844516018.5652943     
   1.9300000000000001E-012   4874289842.6864119     
   1.9399999999999998E-012   4904238403.4835234     
   1.9500000000000000E-012   4923844834.5416870     
   1.9600000000000001E-012   4931754161.9697275     
   1.9699999999999999E-012   4921345461.0797100     
   1.9800000000000000E-012   4904072672.9789515     
   1.9899999999999998E-012   4902965745.3826599     
   2.0000000000000000E-012   4874039218.2186804     
   2.0100000000000001E-012   4852481915.0091095     
   2.0199999999999999E-012   4825527880.8184814     
   2.0300000000000000E-012   4801647031.3514004     
   2.0400000000000002E-012   4793078771.5306683     
   2.0499999999999999E-012   4766963264.8118095     
   2.0600000000000001E-012   4744483613.1771193     
   2.0699999999999999E-012   4718855927.0612555     
   2.0800000000000000E-012   4695428690.2410355     
   2.0900000000000002E-012   4666556643.0495615     
   2.0999999999999999E-012   4631776493.2531624     
   2.1100000000000001E-012   4597738051.1470585     
   2.1199999999999999E-012   4568252222.5563641     
   2.1300000000000000E-012   4548259876.8500586     
   2.1400000000000002E-012   4544056688.4607220     
   2.1499999999999999E-012   4546497985.6884184     
   2.1600000000000001E-012   4558731197.8348083     
   2.1699999999999998E-012   4571514338.9045582     
   2.1800000000000000E-012   4601661201.2973661     
   2.1900000000000002E-012   4620783885.0977058     
   2.1999999999999999E-012   4636128348.2744141     
   2.2100000000000001E-012   4653014938.2757120     
   2.2199999999999998E-012   4655615526.5869102     
   2.2300000000000000E-012   4648472227.8033047     
   2.2400000000000001E-012   4641551941.2126026     
   2.2499999999999999E-012   4637728060.5893688     
   2.2600000000000001E-012   4634451291.2757244     
   2.2699999999999998E-012   4623639468.3548183     
   2.2800000000000000E-012   4613293571.8983412     
   2.2900000000000001E-012   4596620441.0207939     
   2.2999999999999999E-012   4575958388.6165886     
   2.3100000000000001E-012   4553048743.5752716     
   2.3199999999999998E-012   4535546173.3315334     
   2.3300000000000000E-012   4513900931.9371433     
   2.3400000000000001E-012   4505881146.9556179     
   2.3499999999999999E-012   4499234904.0561428     
   2.3600000000000000E-012   4492353452.7821064     
   2.3699999999999998E-012   4480618089.0266228     
   2.3800000000000000E-012   4484081258.8259754     
   2.3900000000000001E-012   4486341065.8724041     
   2.3999999999999999E-012   4483883369.6502981     
   2.4100000000000000E-012   4475976886.4060850     
   2.4200000000000002E-012   4466056955.1076384     
   2.4299999999999999E-012   4467241114.6549006     
   2.4400000000000001E-012   4464411562.8310003     
   2.4499999999999999E-012   4457818162.9183111     
   2.4600000000000000E-012   4455115062.9330091     
   2.4700000000000002E-012   4440116907.1824169     
   2.4799999999999999E-012   4425617939.6676807     
   2.4900000000000001E-012   4422187525.7705898     
   2.4999999999999998E-012   4427993002.9519463     
   2.5100000000000000E-012   4436363929.6398115     
   2.5200000000000002E-012   4430468997.6421165     
   2.5299999999999999E-012   4422023963.7935638     
   2.5400000000000001E-012   4413409625.3888807     
   2.5499999999999998E-012   4419018783.8734436     
   2.5600000000000000E-012   4434177288.2390366     
   2.5700000000000002E-012   4438172447.4113693     
   2.5799999999999999E-012   4448582916.3877516     
   2.5900000000000001E-012   4452069905.3562164     
   2.5999999999999998E-012   4450848356.8475523     
   2.6100000000000000E-012   4455139997.6060591     
   2.6200000000000001E-012   4451999276.5422697     
   2.6299999999999999E-012   4448880573.8630648     
   2.6400000000000001E-012   4433644845.0923891     
   2.6499999999999998E-012   4424289409.1496563     
   2.6600000000000000E-012   4421124478.2046537     
   2.6700000000000001E-012   4425393959.9155207     
   2.6799999999999999E-012   4424334598.3616438     
   2.6900000000000000E-012   4430433005.9836578     
   2.6999999999999998E-012   4424773562.3499842     
   2.7100000000000000E-012   4421511079.5620947     
   2.7200000000000001E-012   4423165899.2417841     
   2.7299999999999999E-012   4419824284.1524944     
   2.7400000000000000E-012   4414188136.4279690     
   2.7500000000000002E-012   4410471093.6073818     
   2.7600000000000000E-012   4427671804.4239750     
   2.7700000000000001E-012   4444550315.5304852     
   2.7799999999999999E-012   4459030678.7400532     
   2.7900000000000000E-012   4467325666.6927624     
   2.8000000000000002E-012   4464868441.1961460     
   2.8099999999999999E-012   4443415467.1311016     
   2.8200000000000001E-012   4445557213.7178278     
   2.8299999999999999E-012   4440343337.4123344     
   2.8400000000000000E-012   4444549193.1870127     
   2.8500000000000002E-012   4455833302.3909550     
   2.8599999999999999E-012   4458462654.3851595     
   2.8700000000000001E-012   4458030036.6175432     
   2.8799999999999998E-012   4450792565.9690266     
   2.8900000000000000E-012   4459343474.2597075     
   2.9000000000000002E-012   4451528202.1349020     
   2.9099999999999999E-012   4448544367.7161951     
   2.9200000000000001E-012   4451509881.6977968     
   2.9299999999999998E-012   4467143042.7025614     
   2.9400000000000000E-012   4489575485.1949606     
   2.9500000000000002E-012   4507778280.0439796     
   2.9599999999999999E-012   4527881125.8922386     
   2.9700000000000001E-012   4539693767.4037180     
   2.9799999999999998E-012   4546528046.9327536     
   2.9900000000000000E-012   4561085922.5639725     
   3.0000000000000001E-012   4573773144.8425131     
   3.0099999999999999E-012   4578291046.9244699     
   3.0200000000000001E-012   4581381092.3305216     
   3.0299999999999998E-012   4587891768.1807098     
   3.0400000000000000E-012   4600598723.3607330     
   3.0500000000000001E-012   4611595936.9152985     
   3.0599999999999999E-012   4623675512.7612982     
   3.0700000000000000E-012   4622464127.0033436     
   3.0799999999999998E-012   4627460481.4102755     
   3.0900000000000000E-012   4623283025.4450989     
   3.1000000000000001E-012   4634007032.6443119     
   3.1099999999999999E-012   4645963770.3207893     
   3.1200000000000000E-012   4643543625.1212349     
   3.1300000000000002E-012   4634144197.1223469     
   3.1399999999999999E-012   4616734377.8371964     
   3.1500000000000001E-012   4593273919.3590965     
   3.1599999999999999E-012   4559099848.4775887     
   3.1700000000000000E-012   4533882340.1228094     
   3.1800000000000002E-012   4513758003.1588774     
   3.1899999999999999E-012   4486241029.7267389     
   3.2000000000000001E-012   4457866160.8015890     
   3.2099999999999999E-012   4438730239.9384394     
   3.2200000000000000E-012   4417073258.3262424     
   3.2300000000000002E-012   4406871164.4837933     
   3.2399999999999999E-012   4396731998.7318172     
   3.2500000000000001E-012   4377898846.4652119     
   3.2599999999999998E-012   4338918670.6435490     
   3.2700000000000000E-012   4303838673.4346113     
   3.2800000000000002E-012   4281952809.2930217     
   3.2899999999999999E-012   4261129743.8569741     
   3.3000000000000001E-012   4243019603.3353357     
   3.3099999999999998E-012   4231001263.2161145     
   3.3200000000000000E-012   4228593118.5728478     
   3.3300000000000001E-012   4223894359.5028920     
   3.3399999999999999E-012   4221157301.8055673     
   3.3500000000000001E-012   4216528981.9668684     
   3.3599999999999998E-012   4222260153.3587933     
   3.3700000000000000E-012   4228237270.9049869     
   3.3800000000000001E-012   4245890179.6762733     
   3.3899999999999999E-012   4254932037.2106056     
   3.4000000000000001E-012   4264847592.1804862     
   3.4099999999999998E-012   4266831377.7381659     
   3.4200000000000000E-012   4276186938.4142170     
   3.4300000000000001E-012   4278207584.5981879     
   3.4399999999999999E-012   4274051042.4607038     
   3.4500000000000000E-012   4269052007.9552307     
   3.4599999999999998E-012   4264979712.5726595     
   3.4700000000000000E-012   4266160340.5727978     
   3.4800000000000001E-012   4266944027.1131706     
   3.4899999999999999E-012   4271296258.2351446     
   3.5000000000000000E-012   4261633542.8285708     
   3.5100000000000002E-012   4252004887.1467361     
   3.5199999999999999E-012   4249467554.1712675     
   3.5300000000000001E-012   4242377030.0691099     
   3.5399999999999999E-012   4240274665.6934218     
   3.5500000000000000E-012   4230024726.9075913     
   3.5600000000000002E-012   4221592147.4824262     
   3.5699999999999999E-012   4218499791.5828738     
   3.5800000000000001E-012   4213865456.6330218     
   3.5899999999999998E-012   4211276396.3187056     
   3.6000000000000000E-012   4212012214.2334476     
   3.6100000000000002E-012   4217363498.9899049     
   3.6199999999999999E-012   4224334476.7866693     
   3.6300000000000001E-012   4238435302.6245522     
   3.6399999999999998E-012   4248583840.1198249     
   3.6500000000000000E-012   4265370746.0001125     
   3.6600000000000002E-012   4281812774.5019841     
   3.6700000000000003E-012   4306634840.0662537     
   3.6799999999999997E-012   4320732576.1843367     
   3.6899999999999998E-012   4320240985.6260729     
   3.7000000000000000E-012   4318319833.6173868     
   3.7100000000000001E-012   4309597195.8203592     
   3.7200000000000003E-012   4299055232.3142681     
   3.7299999999999997E-012   4302901374.9466772     
   3.7399999999999998E-012   4291646334.3420372     
   3.7500000000000000E-012   4284364374.0808372     
   3.7600000000000001E-012   4288471345.7074366     
   3.7700000000000003E-012   4293232601.1258416     
   3.7799999999999996E-012   4301124324.1096964     
   3.7899999999999998E-012   4311065958.9247789     
   3.8000000000000000E-012   4304482542.0409098     
   3.8100000000000001E-012   4306224475.3634720     
   3.8200000000000003E-012   4304164709.2767925     
   3.8299999999999996E-012   4289906704.0735707     
   3.8399999999999998E-012   4272868007.6807098     
   3.8500000000000000E-012   4238295192.0020676     
   3.8600000000000001E-012   4221415603.1858721     
   3.8700000000000003E-012   4197490481.4435124     
   3.8799999999999996E-012   4179589484.5347228     
   3.8899999999999998E-012   4171569747.7213659     
   3.8999999999999999E-012   4167702550.2987475     
   3.9100000000000001E-012   4166796401.3245244     
   3.9200000000000003E-012   4172400498.6083703     
   3.9299999999999996E-012   4182524164.0083227     
   3.9399999999999998E-012   4173879927.8370776     
   3.9499999999999999E-012   4157544489.9159980     
   3.9600000000000001E-012   4143676450.8606763     
   3.9700000000000002E-012   4146249997.9957480     
   3.9799999999999996E-012   4150848494.7931361     
   3.9899999999999998E-012   4154007975.8599548     
   3.9999999999999999E-012   4170240309.7732949     
   4.0100000000000001E-012   4200390565.9120893     
   4.0200000000000002E-012   4227911969.5642786     
   4.0300000000000004E-012   4245801588.7896123     
   4.0399999999999997E-012   4254053007.9756179     
   4.0499999999999999E-012   4261602111.2872014     
   4.0600000000000001E-012   4266165864.0354075     
   4.0700000000000002E-012   4278642295.1097746     
   4.0800000000000004E-012   4288393579.2181444     
   4.0899999999999997E-012   4314009059.7087193     
   4.0999999999999999E-012   4339233626.5866365     
   4.1100000000000001E-012   4366401483.1349916     
   4.1200000000000002E-012   4388359306.5494070     
   4.1300000000000004E-012   4408039919.2782345     
   4.1399999999999997E-012   4419499956.6743841     
   4.1499999999999999E-012   4430796648.5500727     
   4.1600000000000000E-012   4439857844.8931236     
   4.1700000000000002E-012   4443335940.3692017     
   4.1800000000000004E-012   4441120114.6496592     
   4.1899999999999997E-012   4437903772.0994501     
   4.1999999999999999E-012   4439176058.2445345     
   4.2100000000000000E-012   4449021518.1445150     
   4.2200000000000002E-012   4467392073.2266312     
   4.2300000000000004E-012   4486784438.3227739     
   4.2399999999999997E-012   4492176696.9218426     
   4.2499999999999999E-012   4491949255.5493355     
   4.2600000000000000E-012   4497715829.5727787     
   4.2700000000000002E-012   4498892146.9939451     
   4.2800000000000003E-012   4497748011.9086485     
   4.2899999999999997E-012   4489788790.9844408     
   4.2999999999999999E-012   4481460809.8798437     
   4.3100000000000000E-012   4478748332.2493868     
   4.3200000000000002E-012   4477352924.7398510     
   4.3300000000000003E-012   4485569742.3172312     
   4.3399999999999997E-012   4493935871.7251654     
   4.3499999999999998E-012   4510925820.0389252     
   4.3600000000000000E-012   4527604590.2500019     
   4.3700000000000002E-012   4549581314.5532141     
   4.3800000000000003E-012   4574007377.7887573     
   4.3899999999999997E-012   4583502857.9747372     
   4.3999999999999998E-012   4602105640.1243439     
   4.4100000000000000E-012   4616073703.2949886     
   4.4200000000000001E-012   4625051270.3139334     
   4.4300000000000003E-012   4626282354.0553427     
   4.4399999999999997E-012   4633484165.2148800     
   4.4499999999999998E-012   4630633353.0590477     
   4.4600000000000000E-012   4629744935.2673817     
   4.4700000000000001E-012   4637758251.5944281     
   4.4800000000000003E-012   4646484382.3874893     
   4.4899999999999996E-012   4661565594.1969290     
   4.4999999999999998E-012   4672856503.9552498     
   4.5100000000000000E-012   4679976216.2677870     
   4.5200000000000001E-012   4673414082.8094749     
   4.5300000000000003E-012   4663764970.5545359     
   4.5399999999999996E-012   4647586286.6602917     
   4.5499999999999998E-012   4627477210.1165533     
   4.5600000000000000E-012   4615977090.6985073     
   4.5700000000000001E-012   4615688392.4575596     
   4.5800000000000003E-012   4619604785.3131094     
   4.5899999999999996E-012   4629674455.8262463     
   4.5999999999999998E-012   4645379542.0479126     
   4.6099999999999999E-012   4668312885.3492193     
   4.6200000000000001E-012   4695785426.6981544     
   4.6300000000000003E-012   4721974852.6115828     
   4.6399999999999996E-012   4732149847.1775560     
   4.6499999999999998E-012   4733538502.9070530     
   4.6599999999999999E-012   4730034605.0934973     
   4.6700000000000001E-012   4713860728.5895920     
   4.6800000000000003E-012   4695639385.1335239     
   4.6899999999999996E-012   4674629963.1053963     
   4.6999999999999998E-012   4647017811.1472683     
   4.7099999999999999E-012   4610995725.2416649     
   4.7200000000000001E-012   4583970193.4594316     
   4.7300000000000002E-012   4557813555.6317129     
   4.7399999999999996E-012   4522984218.0947790     
   4.7499999999999998E-012   4494049277.3220377     
   4.7599999999999999E-012   4482459162.5274963     
   4.7700000000000001E-012   4474585022.8031816     
   4.7800000000000002E-012   4476313176.0616989     
   4.7900000000000004E-012   4490348987.0520391     
   4.7999999999999997E-012   4520956599.5522623     
   4.8099999999999999E-012   4569662966.0853853     
   4.8200000000000001E-012   4624782972.6179056     
   4.8300000000000002E-012   4661487574.6705017     
   4.8400000000000004E-012   4685672071.9958057     
   4.8499999999999997E-012   4719789378.7629433     
   4.8599999999999999E-012   4751696618.7376423     
   4.8700000000000000E-012   4783302726.2572660     
   4.8800000000000002E-012   4821563020.5367422     
   4.8900000000000004E-012   4853588713.7144032     
   4.8999999999999997E-012   4884162344.8838158     
   4.9099999999999999E-012   4918208875.6596479     
   4.9200000000000000E-012   4930746894.9096651     
   4.9300000000000002E-012   4950084761.7809534     
   4.9400000000000004E-012   4964462462.5054655     
   4.9499999999999997E-012   4972204234.0217924     
   4.9599999999999999E-012   4977718408.3341465     
   4.9700000000000000E-012   4977432665.6516876     
   4.9800000000000002E-012   4978781483.2775984     
   4.9900000000000003E-012   4983978235.0051384     
