   0.0000000000000000        82601549524.891647     
   1.0000000000000000E-014   79966659016.904617     
   2.0000000000000000E-014   77445805734.942001     
   2.9999999999999998E-014   75039947454.791977     
   4.0000000000000000E-014   72757629477.972366     
   5.0000000000000002E-014   70581419392.458847     
   5.9999999999999997E-014   68493848770.145973     
   7.0000000000000005E-014   66503115667.523170     
   8.0000000000000000E-014   64598490853.293449     
   8.9999999999999995E-014   62783789588.380424     
   1.0000000000000000E-013   61046297144.409355     
   1.1000000000000000E-013   59375300141.237076     
   1.1999999999999999E-013   57766752836.039932     
   1.3000000000000000E-013   56231082928.436729     
   1.4000000000000001E-013   54771662802.010689     
   1.4999999999999999E-013   53377850129.182251     
   1.6000000000000000E-013   52042053570.628677     
   1.7000000000000001E-013   50777091149.423668     
   1.7999999999999999E-013   49560208884.539436     
   1.9000000000000000E-013   48389948872.779045     
   2.0000000000000001E-013   47261704627.734398     
   2.0999999999999999E-013   46176307207.022598     
   2.2000000000000000E-013   45128982169.309921     
   2.2999999999999998E-013   44123833112.208351     
   2.3999999999999999E-013   43148539937.150528     
   2.4999999999999999E-013   42205487111.844666     
   2.6000000000000000E-013   41311937102.321579     
   2.7000000000000001E-013   40461981077.602966     
   2.8000000000000002E-013   39652391550.158813     
   2.8999999999999998E-013   38869198306.095482     
   2.9999999999999998E-013   38100466478.237000     
   3.0999999999999999E-013   37363529096.270012     
   3.2000000000000000E-013   36659633060.662926     
   3.3000000000000001E-013   35988482518.494453     
   3.4000000000000002E-013   35335275473.383011     
   3.5000000000000002E-013   34703862876.594063     
   3.5999999999999998E-013   34084254449.805130     
   3.6999999999999999E-013   33492646745.766769     
   3.8000000000000000E-013   32924121193.593754     
   3.9000000000000000E-013   32370393422.604336     
   4.0000000000000001E-013   31835273189.406246     
   4.1000000000000002E-013   31318248227.863819     
   4.1999999999999998E-013   30835012125.462826     
   4.2999999999999999E-013   30369557678.818878     
   4.3999999999999999E-013   29919253293.201996     
   4.5000000000000000E-013   29489158335.828377     
   4.5999999999999996E-013   29073340026.162563     
   4.7000000000000002E-013   28670651881.961029     
   4.7999999999999997E-013   28282392850.348404     
   4.9000000000000003E-013   27909585904.090656     
   4.9999999999999999E-013   27550854607.614372     
   5.1000000000000005E-013   27202269762.239517     
   5.2000000000000001E-013   26867408497.586617     
   5.2999999999999996E-013   26544367397.807442     
   5.4000000000000002E-013   26232710329.734131     
   5.4999999999999998E-013   25936248840.397236     
   5.6000000000000004E-013   25655311927.503826     
   5.6999999999999999E-013   25384289678.869087     
   5.7999999999999995E-013   25118282500.286846     
   5.9000000000000001E-013   24854173681.245655     
   5.9999999999999997E-013   24598790889.818127     
   6.1000000000000003E-013   24351699517.123688     
   6.1999999999999998E-013   24106018555.022610     
   6.3000000000000004E-013   23872246712.856659     
   6.4000000000000000E-013   23646060455.477730     
   6.4999999999999996E-013   23431100160.497501     
   6.6000000000000001E-013   23219750481.865955     
   6.6999999999999997E-013   23015191341.036613     
   6.8000000000000003E-013   22818944310.957317     
   6.8999999999999999E-013   22623947661.060883     
   7.0000000000000005E-013   22429414612.948132     
   7.1000000000000000E-013   22241754634.951725     
   7.1999999999999996E-013   22060991348.426323     
   7.3000000000000002E-013   21889446031.259861     
   7.3999999999999998E-013   21728716343.252438     
   7.5000000000000004E-013   21588835650.820507     
   7.5999999999999999E-013   21457858979.493481     
   7.6999999999999995E-013   21338454677.346100     
   7.8000000000000001E-013   21220902803.583694     
   7.8999999999999997E-013   21103473260.099152     
   8.0000000000000002E-013   20988444920.152279     
   8.0999999999999998E-013   20871685453.199039     
   8.2000000000000004E-013   20762567474.669807     
   8.3000000000000000E-013   20648785782.037743     
   8.3999999999999995E-013   20546380422.596893     
   8.5000000000000001E-013   20448175310.366180     
   8.5999999999999997E-013   20344432959.063023     
   8.7000000000000003E-013   20238424812.766003     
   8.7999999999999999E-013   20148068152.778896     
   8.9000000000000004E-013   20066704865.148003     
   9.0000000000000000E-013   19991668586.492805     
   9.0999999999999996E-013   19922308997.654598     
   9.1999999999999992E-013   19850396424.155262     
   9.3000000000000008E-013   19793258229.285690     
   9.4000000000000003E-013   19735030451.044468     
   9.4999999999999999E-013   19678357882.713234     
   9.5999999999999995E-013   19615823547.891994     
   9.6999999999999991E-013   19557748852.724514     
   9.8000000000000007E-013   19506742898.535599     
   9.9000000000000002E-013   19450825920.646297     
   9.9999999999999998E-013   19399140469.733017     
   1.0099999999999999E-012   19352788700.146790     
   1.0200000000000001E-012   19302520414.637440     
   1.0300000000000001E-012   19249542624.766567     
   1.0400000000000000E-012   19196309880.472279     
   1.0500000000000000E-012   19142488518.842129     
   1.0599999999999999E-012   19090834845.145332     
   1.0700000000000001E-012   19045182619.155159     
   1.0800000000000000E-012   18999266312.853004     
   1.0900000000000000E-012   18959570001.918694     
   1.1000000000000000E-012   18913805368.037834     
   1.1099999999999999E-012   18869225097.734680     
   1.1200000000000001E-012   18812169931.326336     
   1.1300000000000000E-012   18754826830.573826     
   1.1400000000000000E-012   18696259540.512012     
   1.1499999999999999E-012   18638222221.632465     
   1.1599999999999999E-012   18588076630.785587     
   1.1700000000000001E-012   18541405911.042854     
   1.1800000000000000E-012   18482132290.766624     
   1.1900000000000000E-012   18430106823.973671     
   1.1999999999999999E-012   18390454777.311264     
   1.2100000000000001E-012   18352762340.053402     
   1.2200000000000001E-012   18315961500.403732     
   1.2300000000000000E-012   18276308264.820850     
   1.2400000000000000E-012   18235488887.652020     
   1.2499999999999999E-012   18194593389.343018     
   1.2600000000000001E-012   18159053383.513733     
   1.2700000000000000E-012   18116557128.158665     
   1.2800000000000000E-012   18077549033.480598     
   1.2900000000000000E-012   18043979456.588036     
   1.2999999999999999E-012   18013652877.809719     
   1.3100000000000001E-012   17991375396.806297     
   1.3200000000000000E-012   17973615484.807644     
   1.3300000000000000E-012   17963246704.465443     
   1.3399999999999999E-012   17952735811.027866     
   1.3499999999999999E-012   17938920273.346359     
   1.3600000000000001E-012   17923283681.200039     
   1.3700000000000000E-012   17905757370.795444     
   1.3800000000000000E-012   17884546909.079628     
   1.3899999999999999E-012   17861417773.543541     
   1.4000000000000001E-012   17840520099.416603     
   1.4100000000000001E-012   17828886429.256508     
   1.4200000000000000E-012   17810960824.758804     
   1.4300000000000000E-012   17791991064.612507     
   1.4399999999999999E-012   17774546989.049255     
   1.4500000000000001E-012   17759316822.741096     
   1.4600000000000000E-012   17738453871.790413     
   1.4700000000000000E-012   17716810919.432144     
   1.4800000000000000E-012   17706740035.965012     
   1.4899999999999999E-012   17698598058.972527     
   1.5000000000000001E-012   17693520286.294441     
   1.5100000000000000E-012   17688040523.490185     
   1.5200000000000000E-012   17676609774.700729     
   1.5299999999999999E-012   17658892119.054272     
   1.5399999999999999E-012   17646529044.922421     
   1.5500000000000001E-012   17638907835.849010     
   1.5600000000000000E-012   17621938044.528469     
   1.5700000000000000E-012   17611995449.706608     
   1.5799999999999999E-012   17598449380.242561     
   1.5900000000000001E-012   17590381655.476738     
   1.6000000000000000E-012   17576564049.627956     
   1.6100000000000000E-012   17561670992.146786     
   1.6200000000000000E-012   17541102057.449795     
   1.6299999999999999E-012   17525005117.614517     
   1.6400000000000001E-012   17503441916.536762     
   1.6500000000000000E-012   17483627501.710064     
   1.6600000000000000E-012   17469828273.143547     
   1.6700000000000000E-012   17460885473.605247     
   1.6799999999999999E-012   17451987322.588768     
   1.6900000000000001E-012   17449195059.211761     
   1.7000000000000000E-012   17440216238.926659     
   1.7100000000000000E-012   17433558298.140728     
   1.7199999999999999E-012   17424227071.339424     
   1.7299999999999999E-012   17418483414.568024     
   1.7400000000000001E-012   17401580193.913670     
   1.7500000000000000E-012   17388394136.608761     
   1.7600000000000000E-012   17376976071.279716     
   1.7699999999999999E-012   17363424984.369740     
   1.7800000000000001E-012   17352671376.717216     
   1.7900000000000000E-012   17342863504.734444     
   1.8000000000000000E-012   17336649378.181934     
   1.8100000000000000E-012   17326011121.766819     
   1.8199999999999999E-012   17323437463.431583     
   1.8300000000000001E-012   17329116739.077679     
   1.8399999999999998E-012   17338375759.054096     
   1.8500000000000000E-012   17345906079.026520     
   1.8600000000000002E-012   17353556069.718506     
   1.8699999999999999E-012   17357672372.222916     
   1.8800000000000001E-012   17356410273.137119     
   1.8899999999999998E-012   17357858939.239506     
   1.9000000000000000E-012   17367771295.363651     
   1.9100000000000001E-012   17382252384.751629     
   1.9199999999999999E-012   17401704926.659977     
   1.9300000000000001E-012   17422116217.562073     
   1.9399999999999998E-012   17443132314.669907     
   1.9500000000000000E-012   17459055154.558563     
   1.9600000000000001E-012   17463414924.536461     
   1.9699999999999999E-012   17463460618.742077     
   1.9800000000000000E-012   17469818712.495247     
   1.9899999999999998E-012   17479290180.499348     
   2.0000000000000000E-012   17484201672.185909     
   2.0100000000000001E-012   17479103730.613842     
   2.0199999999999999E-012   17479004941.401573     
   2.0300000000000000E-012   17476850638.450436     
   2.0400000000000002E-012   17480724772.411461     
   2.0499999999999999E-012   17489978585.577553     
   2.0600000000000001E-012   17495835361.537968     
   2.0699999999999999E-012   17495091050.137253     
   2.0800000000000000E-012   17500946145.483067     
   2.0900000000000002E-012   17504955550.310249     
   2.0999999999999999E-012   17508913921.780392     
   2.1100000000000001E-012   17511129341.286972     
   2.1199999999999999E-012   17504783963.754314     
   2.1300000000000000E-012   17502269957.805862     
   2.1400000000000002E-012   17495626106.697887     
   2.1499999999999999E-012   17489291874.140820     
   2.1600000000000001E-012   17484226898.699318     
   2.1699999999999998E-012   17479302931.446407     
   2.1800000000000000E-012   17469781487.797657     
   2.1900000000000002E-012   17457132942.440342     
   2.1999999999999999E-012   17442929522.949619     
   2.2100000000000001E-012   17425037649.046467     
   2.2199999999999998E-012   17406387997.724594     
   2.2300000000000000E-012   17388609639.460209     
   2.2400000000000001E-012   17385251225.605537     
   2.2499999999999999E-012   17383988258.183846     
   2.2600000000000001E-012   17378907770.075687     
   2.2699999999999998E-012   17371922754.527905     
   2.2800000000000000E-012   17365781494.415108     
   2.2900000000000001E-012   17364173367.191429     
   2.2999999999999999E-012   17366350665.455189     
   2.3100000000000001E-012   17372137586.114010     
   2.3199999999999998E-012   17376724462.364197     
   2.3300000000000000E-012   17381535006.175388     
   2.3400000000000001E-012   17372467852.425068     
   2.3499999999999999E-012   17367296144.315697     
   2.3600000000000000E-012   17365110593.348526     
   2.3699999999999998E-012   17366352852.957993     
   2.3800000000000000E-012   17357358612.035156     
   2.3900000000000001E-012   17351397740.103161     
   2.3999999999999999E-012   17351057119.017025     
   2.4100000000000000E-012   17343384659.427074     
   2.4200000000000002E-012   17342483361.467308     
   2.4299999999999999E-012   17343678675.923927     
   2.4400000000000001E-012   17340540695.833241     
   2.4499999999999999E-012   17344127733.066574     
   2.4600000000000000E-012   17339790818.591721     
   2.4700000000000002E-012   17342171226.050571     
   2.4799999999999999E-012   17348232082.467793     
   2.4900000000000001E-012   17354427082.883602     
   2.4999999999999998E-012   17364118424.215141     
   2.5100000000000000E-012   17370197481.715916     
   2.5200000000000002E-012   17374481658.555237     
   2.5299999999999999E-012   17374088757.378162     
   2.5400000000000001E-012   17375478480.242535     
   2.5499999999999998E-012   17374569662.487324     
   2.5600000000000000E-012   17370544189.636066     
   2.5700000000000002E-012   17362813723.067768     
   2.5799999999999999E-012   17353235213.380669     
   2.5900000000000001E-012   17344573171.656147     
   2.5999999999999998E-012   17335269640.560848     
   2.6100000000000000E-012   17327385872.167427     
   2.6200000000000001E-012   17316919618.299404     
   2.6299999999999999E-012   17315290784.252743     
   2.6400000000000001E-012   17322359613.583412     
   2.6499999999999998E-012   17338410090.327396     
   2.6600000000000000E-012   17367324872.211704     
   2.6700000000000001E-012   17386726837.975910     
   2.6799999999999999E-012   17412861839.789623     
   2.6900000000000000E-012   17431327831.363800     
   2.6999999999999998E-012   17451877165.463581     
   2.7100000000000000E-012   17470570378.909145     
   2.7200000000000001E-012   17484856465.820324     
   2.7299999999999999E-012   17496117987.369644     
   2.7400000000000000E-012   17501607210.577412     
   2.7500000000000002E-012   17499660501.912682     
   2.7600000000000000E-012   17493172684.950172     
   2.7700000000000001E-012   17482539237.946625     
   2.7799999999999999E-012   17463482826.216290     
   2.7900000000000000E-012   17440322127.211277     
   2.8000000000000002E-012   17422715526.727898     
   2.8099999999999999E-012   17402958625.244953     
   2.8200000000000001E-012   17374487795.869305     
   2.8299999999999999E-012   17350417512.462597     
   2.8400000000000000E-012   17324915354.613659     
   2.8500000000000002E-012   17299305542.615128     
   2.8599999999999999E-012   17282831057.791950     
   2.8700000000000001E-012   17265759879.036247     
   2.8799999999999998E-012   17252558001.354374     
   2.8900000000000000E-012   17245478374.333450     
   2.9000000000000002E-012   17240402594.327854     
   2.9099999999999999E-012   17234116449.160221     
   2.9200000000000001E-012   17229210802.772388     
   2.9299999999999998E-012   17227535509.314507     
   2.9400000000000000E-012   17229129794.642960     
   2.9500000000000002E-012   17233593126.916248     
   2.9599999999999999E-012   17236986790.465267     
   2.9700000000000001E-012   17231104670.536968     
   2.9799999999999998E-012   17230040237.480152     
   2.9900000000000000E-012   17234145560.816006     
   3.0000000000000001E-012   17240864129.351250     
   3.0099999999999999E-012   17246894960.613068     
   3.0200000000000001E-012   17253669120.180969     
   3.0299999999999998E-012   17254839071.470604     
   3.0400000000000000E-012   17255331336.116837     
   3.0500000000000001E-012   17257712311.229164     
   3.0599999999999999E-012   17264286164.395161     
   3.0700000000000000E-012   17281456352.910572     
   3.0799999999999998E-012   17304030103.954529     
   3.0900000000000000E-012   17323476294.765602     
   3.1000000000000001E-012   17337850488.778271     
   3.1099999999999999E-012   17341906519.381176     
   3.1200000000000000E-012   17336781371.167408     
   3.1300000000000002E-012   17321853470.447952     
   3.1399999999999999E-012   17304005076.721962     
   3.1500000000000001E-012   17293136477.144592     
   3.1599999999999999E-012   17282423092.161938     
   3.1700000000000000E-012   17283635917.169601     
   3.1800000000000002E-012   17281897083.400047     
   3.1899999999999999E-012   17272566235.717743     
   3.2000000000000001E-012   17266050776.642876     
   3.2099999999999999E-012   17258058574.012474     
   3.2200000000000000E-012   17242711148.876354     
   3.2300000000000002E-012   17234880931.065277     
   3.2399999999999999E-012   17227897139.202435     
   3.2500000000000001E-012   17224016425.765144     
   3.2599999999999998E-012   17219698247.948586     
   3.2700000000000000E-012   17217943649.649982     
   3.2800000000000002E-012   17218225361.906536     
   3.2899999999999999E-012   17226605494.357441     
   3.3000000000000001E-012   17237685267.183880     
   3.3099999999999998E-012   17242075836.597118     
   3.3200000000000000E-012   17234551044.147865     
   3.3300000000000001E-012   17218291244.071655     
   3.3399999999999999E-012   17203539726.475586     
   3.3500000000000001E-012   17192071497.738335     
   3.3599999999999998E-012   17194149805.697124     
   3.3700000000000000E-012   17192045482.118481     
   3.3800000000000001E-012   17183865309.080040     
   3.3899999999999999E-012   17180265591.555008     
   3.4000000000000001E-012   17178416170.724077     
   3.4099999999999998E-012   17171661299.839462     
   3.4200000000000000E-012   17172505455.740580     
   3.4300000000000001E-012   17171244911.509895     
   3.4399999999999999E-012   17176884399.649714     
   3.4500000000000000E-012   17190972011.869427     
   3.4599999999999998E-012   17203565429.681202     
   3.4700000000000000E-012   17225043279.291958     
   3.4800000000000001E-012   17239371120.704720     
   3.4899999999999999E-012   17252566481.598244     
   3.5000000000000000E-012   17273837908.186211     
   3.5100000000000002E-012   17294202557.357876     
   3.5199999999999999E-012   17315927943.622143     
   3.5300000000000001E-012   17337736115.811680     
   3.5399999999999999E-012   17361993174.266598     
   3.5500000000000000E-012   17385011142.044807     
   3.5600000000000002E-012   17403679593.870953     
   3.5699999999999999E-012   17418828980.008839     
   3.5800000000000001E-012   17431724617.891739     
   3.5899999999999998E-012   17446846430.959034     
   3.6000000000000000E-012   17461058228.114719     
   3.6100000000000002E-012   17476904071.668957     
   3.6199999999999999E-012   17493825539.084312     
   3.6300000000000001E-012   17509252299.327938     
   3.6399999999999998E-012   17529827173.658119     
   3.6500000000000000E-012   17549939075.643681     
   3.6600000000000002E-012   17575088097.579201     
   3.6700000000000003E-012   17596078236.005222     
   3.6799999999999997E-012   17613047668.358974     
   3.6899999999999998E-012   17622096787.706718     
   3.7000000000000000E-012   17623628582.190578     
   3.7100000000000001E-012   17632231675.609287     
   3.7200000000000003E-012   17640844639.081497     
   3.7299999999999997E-012   17644626700.902176     
   3.7399999999999998E-012   17651023664.397095     
   3.7500000000000000E-012   17644042699.256268     
   3.7600000000000001E-012   17635520145.594746     
   3.7700000000000003E-012   17634637872.475204     
   3.7799999999999996E-012   17635132363.864315     
   3.7899999999999998E-012   17629519823.261642     
   3.8000000000000000E-012   17622245295.906654     
   3.8100000000000001E-012   17614444226.661739     
   3.8200000000000003E-012   17601447726.643970     
   3.8299999999999996E-012   17592380259.094688     
   3.8399999999999998E-012   17582604132.397583     
   3.8500000000000000E-012   17570476905.381729     
   3.8600000000000001E-012   17551448571.449276     
   3.8700000000000003E-012   17535503192.277588     
   3.8799999999999996E-012   17517456171.211090     
   3.8899999999999998E-012   17499081972.141922     
   3.8999999999999999E-012   17484470113.990417     
   3.9100000000000001E-012   17474631874.464233     
   3.9200000000000003E-012   17467094862.738567     
   3.9299999999999996E-012   17459780965.493797     
   3.9399999999999998E-012   17450193250.010605     
   3.9499999999999999E-012   17441742692.059334     
   3.9600000000000001E-012   17426474718.287895     
   3.9700000000000002E-012   17408834355.004108     
   3.9799999999999996E-012   17396924061.994335     
   3.9899999999999998E-012   17385940836.810600     
   3.9999999999999999E-012   17382132613.592571     
   4.0100000000000001E-012   17381552862.195919     
   4.0200000000000002E-012   17381208532.739868     
   4.0300000000000004E-012   17381291006.814308     
   4.0399999999999997E-012   17380877796.684639     
   4.0499999999999999E-012   17382022252.295811     
   4.0600000000000001E-012   17390717531.919567     
   4.0700000000000002E-012   17399975887.857540     
   4.0800000000000004E-012   17404794796.519543     
   4.0899999999999997E-012   17408676293.930424     
   4.0999999999999999E-012   17415727794.288300     
   4.1100000000000001E-012   17424064681.950310     
   4.1200000000000002E-012   17424353422.601471     
   4.1300000000000004E-012   17433697284.875923     
   4.1399999999999997E-012   17439853628.785374     
   4.1499999999999999E-012   17455804138.739948     
   4.1600000000000000E-012   17464816275.058479     
   4.1700000000000002E-012   17468721566.191891     
   4.1800000000000004E-012   17465568485.811756     
   4.1899999999999997E-012   17460507206.920586     
   4.1999999999999999E-012   17451223635.050797     
   4.2100000000000000E-012   17443482648.666542     
   4.2200000000000002E-012   17437286428.068035     
   4.2300000000000004E-012   17436003234.904747     
   4.2399999999999997E-012   17437075958.319202     
   4.2499999999999999E-012   17436968535.282185     
   4.2600000000000000E-012   17440413465.987488     
   4.2700000000000002E-012   17446720319.268032     
   4.2800000000000003E-012   17455776830.336132     
   4.2899999999999997E-012   17458786686.963982     
   4.2999999999999999E-012   17465672493.381451     
   4.3100000000000000E-012   17462036518.709183     
   4.3200000000000002E-012   17454924069.647923     
   4.3300000000000003E-012   17453384914.796730     
   4.3399999999999997E-012   17450239054.672363     
   4.3499999999999998E-012   17450105269.964928     
   4.3600000000000000E-012   17450938390.627079     
   4.3700000000000002E-012   17445598725.555870     
   4.3800000000000003E-012   17449752721.494713     
   4.3899999999999997E-012   17445974589.990948     
   4.3999999999999998E-012   17436550557.077583     
   4.4100000000000000E-012   17437072250.054653     
   4.4200000000000001E-012   17431467787.948170     
   4.4300000000000003E-012   17425499074.152206     
   4.4399999999999997E-012   17422719150.788189     
   4.4499999999999998E-012   17414495104.278877     
   4.4600000000000000E-012   17408613875.797638     
   4.4700000000000001E-012   17407265319.833786     
   4.4800000000000003E-012   17404154377.528343     
   4.4899999999999996E-012   17405385562.741470     
   4.4999999999999998E-012   17408086935.481152     
   4.5100000000000000E-012   17399639147.965675     
   4.5200000000000001E-012   17391784347.987148     
   4.5300000000000003E-012   17390857420.625408     
   4.5399999999999996E-012   17392166349.129738     
   4.5499999999999998E-012   17397049201.326431     
   4.5600000000000000E-012   17392238663.398499     
   4.5700000000000001E-012   17393436992.983257     
   4.5800000000000003E-012   17391871469.049011     
   4.5899999999999996E-012   17381447191.069580     
   4.5999999999999998E-012   17361571848.336090     
   4.6099999999999999E-012   17338378806.616966     
   4.6200000000000001E-012   17314273883.431271     
   4.6300000000000003E-012   17281041146.892830     
   4.6399999999999996E-012   17248804970.204346     
   4.6499999999999998E-012   17222503323.507591     
   4.6599999999999999E-012   17200667712.734818     
   4.6700000000000001E-012   17183932381.255894     
   4.6800000000000003E-012   17167772258.317877     
   4.6899999999999996E-012   17151790499.853079     
   4.6999999999999998E-012   17132421659.358810     
   4.7099999999999999E-012   17110033489.864630     
   4.7200000000000001E-012   17097899003.197733     
   4.7300000000000002E-012   17079404664.461592     
   4.7399999999999996E-012   17055524569.444082     
   4.7499999999999998E-012   17031333365.910044     
   4.7599999999999999E-012   17008403083.748661     
   4.7700000000000001E-012   16984607295.153811     
   4.7800000000000002E-012   16957802842.409241     
   4.7900000000000004E-012   16937422704.394026     
   4.7999999999999997E-012   16915357574.681192     
   4.8099999999999999E-012   16896264908.331873     
   4.8200000000000001E-012   16888851857.115776     
   4.8300000000000002E-012   16899630937.374607     
   4.8400000000000004E-012   16917161966.502192     
   4.8499999999999997E-012   16929571120.290194     
   4.8599999999999999E-012   16939579257.674042     
   4.8700000000000000E-012   16950670519.220591     
   4.8800000000000002E-012   16949900668.319338     
   4.8900000000000004E-012   16951147297.064924     
   4.8999999999999997E-012   16951564762.010782     
   4.9099999999999999E-012   16948247859.399979     
   4.9200000000000000E-012   16940599147.360655     
   4.9300000000000002E-012   16928119367.552481     
   4.9400000000000004E-012   16913938929.020674     
   4.9499999999999997E-012   16899084908.337681     
   4.9599999999999999E-012   16883762097.070469     
   4.9700000000000000E-012   16866254832.481230     
   4.9800000000000002E-012   16855619418.237867     
   4.9900000000000003E-012   16842592772.833429     
