 0.001        0
 0.004        0
 0.006   155405
 0.009        0
 0.011        0
 0.014        0
 0.016        0
 0.019        0
 0.021        0
 0.024        0
 0.026   422143
 0.029        0
 0.031        0
 0.034        0
 0.036        0
 0.039        0
 0.041   111636
 0.044        0
 0.046        0
 0.049        0
 0.051        0
 0.054        0
 0.056        0
 0.059        0
 0.061   169279
 0.064        0
 0.066        0
 0.069        0
 0.071        0
 0.074        0
 0.076        0
 0.079    41755
 0.081        0
 0.084        0
 0.086        0
 0.089        0
 0.091        0
 0.094        0
 0.096        0
 0.099    57151
 0.101        0
 0.104        0
 0.106        0
 0.109        0
 0.111        0
 0.114    12853
 0.116        0
 0.119        0
 0.121        0
 0.124        0
 0.126        0
 0.129        0
 0.131        0
 0.134    17176
 0.136        0
 0.139        0
 0.141        0
 0.144        0
 0.146        0
 0.149        0
 0.151     4096
 0.154        0
 0.156        0
 0.159        0
 0.161        0
 0.164        0
 0.166        0
 0.169     5154
 0.171        0
 0.174        0
 0.176        0
 0.179        0
 0.181        0
 0.184        0
 0.186      948
 0.189        0
 0.191        0
 0.194        0
 0.196        0
 0.199        0
 0.201        0
 0.204        0
 0.206     1451
 0.209        0
 0.211        0
 0.214        0
 0.216        0
 0.219        0
 0.221        0
 0.224      275
 0.226        0
 0.229        0
 0.231        0
 0.234        0
 0.236        0
 0.239        0
 0.241      413
 0.244        0
 0.246        0
 0.249        0
 0.251        0
 0.254        0
 0.256        0
 0.259       55
 0.261        0
 0.264        0
 0.266        0
 0.269        0
 0.271        0
 0.274        0
 0.276        0
 0.279      114
 0.281        0
 0.284        0
 0.286        0
 0.289        0
 0.291        0
 0.294       31
 0.296        0
 0.299        0
 0.301        0
 0.304        0
 0.306        0
 0.309        0
 0.311        0
 0.314       33
 0.316        0
 0.319        0
 0.321        0
 0.324        0
 0.326        0
 0.329        0
 0.331        9
 0.334        0
 0.336        0
 0.339        0
 0.341        0
 0.344        0
 0.346        0
 0.349        0
 0.351       18
 0.354        0
 0.356        0
 0.359        0
 0.361        0
 0.364        0
 0.366        0
 0.369        0
 0.371        0
 0.374        0
 0.376        0
 0.379        0
 0.381        0
 0.384        0
 0.386        5
 0.389        0
 0.391        0
 0.394        0
 0.396        0
 0.399        0
 0.401        0
 0.404        0
 0.406        0
 0.409        0
 0.411        0
 0.414        0
 0.416        0
 0.419        0
 0.421        0
 0.424        0
 0.426        0
 0.429        0
 0.431        0
 0.434        0
 0.436        0
 0.439        0
 0.441        0
 0.444        0
 0.446        0
 0.449        0
 0.451        0
 0.454        0
 0.456        0
 0.459        0
 0.461        0
 0.464        0
 0.466        0
 0.469        0
 0.471        0
 0.474        0
 0.476        0
 0.479        0
 0.481        0
 0.484        0
 0.486        0
 0.489        0
 0.491        0
 0.494        0
 0.496        0
 0.499        0
 0.501        0
 0.504        0
 0.506        0
 0.509        0
 0.511        0
 0.514        0
 0.516        0
 0.519        0
 0.521        0
 0.524        0
 0.526        0
 0.529        0
 0.531        0
 0.534        0
 0.536        0
 0.539        0
 0.541        0
 0.544        0
 0.546        0
 0.549        0
 0.551        0
 0.554        0
 0.556        0
 0.559        0
 0.561        0
 0.564        0
 0.566        0
 0.569        0
 0.571        0
 0.574        0
 0.576        0
 0.579        0
 0.581        0
 0.584        0
 0.586        0
 0.589        0
 0.591        0
 0.594        0
 0.596        0
 0.599        0
 0.601        0
 0.604        0
 0.606        0
 0.609        0
 0.611        0
 0.614        0
 0.616        0
 0.619        0
 0.621        0
 0.624        0
 0.626        0
 0.629        0
 0.631        0
 0.634        0
 0.636        0
 0.639        0
 0.641        0
 0.644        0
 0.646        0
 0.649        0
 0.651        0
 0.654        0
 0.656        0
 0.659        0
 0.661        0
 0.664        0
 0.666        0
 0.669        0
 0.671        0
 0.674        0
 0.676        0
 0.679        0
 0.681        0
 0.684        0
 0.686        0
 0.689        0
 0.691        0
 0.694        0
 0.696        0
 0.699        0
 0.701        0
 0.704        0
 0.706        0
 0.709        0
 0.711        0
 0.714        0
 0.716        0
 0.719        0
 0.721        0
 0.724        0
 0.726        0
 0.729        0
 0.731        0
 0.734        0
 0.736        0
 0.739        0
 0.741        0
 0.744        0
 0.746        0
 0.749        0
 0.751        0
 0.754        0
 0.756        0
 0.759        0
 0.761        0
 0.764        0
 0.766        0
 0.769        0
 0.771        0
 0.774        0
 0.776        0
 0.779        0
 0.781        0
 0.784        0
 0.786        0
 0.789        0
 0.791        0
 0.794        0
 0.796        0
 0.799        0
 0.801        0
 0.804        0
 0.806        0
 0.809        0
 0.811        0
 0.814        0
 0.816        0
 0.819        0
 0.821        0
 0.824        0
 0.826        0
 0.829        0
 0.831        0
 0.834        0
 0.836        0
 0.839        0
 0.841        0
 0.844        0
 0.846        0
 0.849        0
 0.851        0
 0.854        0
 0.856        0
 0.859        0
 0.861        0
 0.864        0
 0.866        0
 0.869        0
 0.871        0
 0.874        0
 0.876        0
 0.879        0
 0.881        0
 0.884        0
 0.886        0
 0.889        0
 0.891        0
 0.894        0
 0.896        0
 0.899        0
 0.901        0
 0.904        0
 0.906        0
 0.909        0
 0.911        0
 0.914        0
 0.916        0
 0.919        0
 0.921        0
 0.924        0
 0.926        0
 0.929        0
 0.931        0
 0.934        0
 0.936        0
 0.939        0
 0.941        0
 0.944        0
 0.946        0
 0.949        0
 0.951        0
 0.954        0
 0.956        0
 0.959        0
 0.961        0
 0.964        0
 0.966        0
 0.969        0
 0.971        0
 0.974        0
 0.976        0
 0.979        0
 0.981        0
 0.984        0
 0.986        0
 0.989        0
 0.991        0
 0.994        0
 0.996        0
 0.999        0
 1.001        0
 1.004        0
 1.006        0
 1.009        0
 1.011        0
 1.014        0
 1.016        0
 1.019        0
 1.021        0
 1.024        0
 1.026        0
 1.029        0
 1.031        0
 1.034        0
 1.036        0
 1.039        0
 1.041        0
 1.044        0
 1.046        0
 1.049        0
 1.051        0
 1.054        0
 1.056        0
 1.059        0
 1.061        0
 1.064        0
 1.066        0
 1.069        0
 1.071        0
 1.074        0
 1.076        0
 1.079        0
 1.081        0
 1.084        0
 1.086        0
 1.089        0
 1.091        0
 1.094        0
 1.096        0
 1.099        0
 1.101        0
 1.104        0
 1.106        0
 1.109        0
 1.111        0
 1.114        0
 1.116        0
 1.119        0
 1.121        0
 1.124        0
 1.126        0
 1.129        0
 1.131        0
 1.134        0
 1.136        0
 1.139        0
 1.141        0
 1.144        0
 1.146        0
 1.149        0
 1.151        0
 1.154        0
 1.156        0
 1.159        0
 1.161        0
 1.164        0
 1.166        0
 1.169        0
 1.171        0
 1.174        0
 1.176        0
 1.179        0
 1.181        0
 1.184        0
 1.186        0
 1.189        0
 1.191        0
 1.194        0
 1.196        0
 1.199        0
 1.201        0
 1.204        0
 1.206        0
 1.209        0
 1.211        0
 1.214        0
 1.216        0
 1.219        0
 1.221        0
 1.224        0
 1.226        0
 1.229        0
 1.231        0
 1.234        0
 1.236        0
 1.239        0
 1.241        0
 1.244        0
 1.246        0
 1.249        0
 1.251        0
 1.254        0
 1.256        0
 1.259        0
 1.261        0
 1.264        0
 1.266        0
 1.269        0
 1.271        0
 1.274        0
 1.276        0
 1.279        0
 1.281        0
 1.284        0
 1.286        0
 1.289        0
 1.291        0
 1.294        0
 1.296        0
 1.299        0
 1.301        0
 1.304        0
 1.306        0
 1.309        0
 1.311        0
 1.314        0
 1.316        0
 1.319        0
 1.321        0
 1.324        0
 1.326        0
 1.329        0
 1.331        0
 1.334        0
 1.336        0
 1.339        0
 1.341        0
 1.344        0
 1.346        0
 1.349        0
 1.351        0
 1.354        0
 1.356        0
 1.359        0
 1.361        0
 1.364        0
 1.366        0
 1.369        0
 1.371        0
 1.374        0
 1.376        0
 1.379        0
 1.381        0
 1.384        0
 1.386        0
 1.389        0
 1.391        0
 1.394        0
 1.396        0
 1.399        0
 1.401        0
 1.404        0
 1.406        0
 1.409        0
 1.411        0
 1.414        0
 1.416        0
 1.419        0
 1.421        0
 1.424        0
 1.426        0
 1.429        0
 1.431        0
 1.434        0
 1.436        0
 1.439        0
 1.441        0
 1.444        0
 1.446        0
 1.449        0
 1.451        0
 1.454        0
 1.456        0
 1.459        0
 1.461        0
 1.464        0
 1.466        0
 1.469        0
 1.471        0
 1.474        0
 1.476        0
 1.479        0
 1.481        0
 1.484        0
 1.486        0
 1.489        0
 1.491        0
 1.494        0
 1.496        0
 1.499        0
 1.501        0
 1.504        0
 1.506        0
 1.509        0
 1.511        0
 1.514        0
 1.516        0
 1.519        0
 1.521        0
 1.524        0
 1.526        0
 1.529        0
 1.531        0
 1.534        0
 1.536        0
 1.539        0
 1.541        0
 1.544        0
 1.546        0
 1.549        0
 1.551        0
 1.554        0
 1.556        0
 1.559        0
 1.561        0
 1.564        0
 1.566        0
 1.569        0
 1.571        0
 1.574        0
 1.576        0
 1.579        0
 1.581        0
 1.584        0
 1.586        0
 1.589        0
 1.591        0
 1.594        0
 1.596        0
 1.599        0
 1.601        0
 1.604        0
 1.606        0
 1.609        0
 1.611        0
 1.614        0
 1.616        0
 1.619        0
 1.621        0
 1.624        0
 1.626        0
 1.629        0
 1.631        0
 1.634        0
 1.636        0
 1.639        0
 1.641        0
 1.644        0
 1.646        0
 1.649        0
 1.651        0
 1.654        0
 1.656        0
 1.659        0
 1.661        0
 1.664        0
 1.666        0
 1.669        0
 1.671        0
 1.674        0
 1.676        0
 1.679        0
 1.681        0
 1.684        0
 1.686        0
 1.689        0
 1.691        0
 1.694        0
 1.696        0
 1.699        0
 1.701        0
 1.704        0
 1.706        0
 1.709        0
 1.711        0
 1.714        0
 1.716        0
 1.719        0
 1.721        0
 1.724        0
 1.726        0
 1.729        0
 1.731        0
 1.734        0
 1.736        0
 1.739        0
 1.741        0
 1.744        0
 1.746        0
 1.749        0
 1.751        0
 1.754        0
 1.756        0
 1.759        0
 1.761        0
 1.764        0
 1.766        0
 1.769        0
 1.771        0
 1.774        0
 1.776        0
 1.779        0
 1.781        0
 1.784        0
 1.786        0
 1.789        0
 1.791        0
 1.794        0
 1.796        0
 1.799        0
 1.801        0
 1.804        0
 1.806        0
 1.809        0
 1.811        0
 1.814        0
 1.816        0
 1.819        0
 1.821        0
 1.824        0
 1.826        0
 1.829        0
 1.831        0
 1.834        0
 1.836        0
 1.839        0
 1.841        0
 1.844        0
 1.846        0
 1.849        0
 1.851        0
 1.854        0
 1.856        0
 1.859        0
 1.861        0
 1.864        0
 1.866        0
 1.869        0
 1.871        0
 1.874        0
 1.876        0
 1.879        0
 1.881        0
 1.884        0
 1.886        0
 1.889        0
 1.891        0
 1.894        0
 1.896        0
 1.899        0
 1.901        0
 1.904        0
 1.906        0
 1.909        0
 1.911        0
 1.914        0
 1.916        0
 1.919        0
 1.921        0
 1.924        0
 1.926        0
 1.929        0
 1.931        0
 1.934        0
 1.936        0
 1.939        0
 1.941        0
 1.944        0
 1.946        0
 1.949        0
 1.951        0
 1.954        0
 1.956        0
 1.959        0
 1.961        0
 1.964        0
 1.966        0
 1.969        0
 1.971        0
 1.974        0
 1.976        0
 1.979        0
 1.981        0
 1.984        0
 1.986        0
 1.989        0
 1.991        0
 1.994        0
 1.996        0
 1.999        0
 2.001        0
 2.004        0
 2.006        0
 2.009        0
 2.011        0
 2.014        0
 2.016        0
 2.019        0
 2.021        0
 2.024        0
 2.026        0
 2.029        0
 2.031        0
 2.034        0
 2.036        0
 2.039        0
 2.041        0
 2.044        0
 2.046        0
 2.049        0
 2.051        0
 2.054        0
 2.056        0
 2.059        0
 2.061        0
 2.064        0
 2.066        0
 2.069        0
 2.071        0
 2.074        0
 2.076        0
 2.079        0
 2.081        0
 2.084        0
 2.086        0
 2.089        0
 2.091        0
 2.094        0
 2.096        0
 2.099        0
 2.101        0
 2.104        0
 2.106        0
 2.109        0
 2.111        0
 2.114        0
 2.116        0
 2.119        0
 2.121        0
 2.124        0
 2.126        0
 2.129        0
 2.131        0
 2.134        0
 2.136        0
 2.139        0
 2.141        0
 2.144        0
 2.146        0
 2.149        0
 2.151        0
 2.154        0
 2.156        0
 2.159        0
 2.161        0
 2.164        0
 2.166        0
 2.169        0
 2.171        0
 2.174        0
 2.176        0
 2.179        0
 2.181        0
 2.184        0
 2.186        0
 2.189        0
 2.191        0
 2.194        0
 2.196        0
 2.199        0
 2.201        0
 2.204        0
 2.206        0
 2.209        0
 2.211        0
 2.214        0
 2.216        0
 2.219        0
 2.221        0
 2.224        0
 2.226        0
 2.229        0
 2.231        0
 2.234        0
 2.236        0
 2.239        0
 2.241        0
 2.244        0
 2.246        0
 2.249        0
 2.251        0
 2.254        0
 2.256        0
 2.259        0
 2.261        0
 2.264        0
 2.266        0
 2.269        0
 2.271        0
 2.274        0
 2.276        0
 2.279        0
 2.281        0
 2.284        0
 2.286        0
 2.289        0
 2.291        0
 2.294        0
 2.296        0
 2.299        0
 2.301        0
 2.304        0
 2.306        0
 2.309        0
 2.311        0
 2.314        0
 2.316        0
 2.319        0
 2.321        0
 2.324        0
 2.326        0
 2.329        0
 2.331        0
 2.334        0
 2.336        0
 2.339        0
 2.341        0
 2.344        0
 2.346        0
 2.349        0
 2.351        0
 2.354        0
 2.356        0
 2.359        0
 2.361        0
 2.364        0
 2.366        0
 2.369        0
 2.371        0
 2.374        0
 2.376        0
 2.379        0
 2.381        0
 2.384        0
 2.386        0
 2.389        0
 2.391        0
 2.394        0
 2.396        0
 2.399        0
 2.401        0
 2.404        0
 2.406        0
 2.409        0
 2.411        0
 2.414        0
 2.416        0
 2.419        0
 2.421        0
 2.424        0
 2.426        0
 2.429        0
 2.431        0
 2.434        0
 2.436        0
 2.439        0
 2.441        0
 2.444        0
 2.446        0
 2.449        0
 2.451        0
 2.454        0
 2.456        0
 2.459        0
 2.461        0
 2.464        0
 2.466        0
 2.469        0
 2.471        0
 2.474        0
 2.476        0
 2.479        0
 2.481        0
 2.484        0
 2.486        0
 2.489        0
 2.491        0
 2.494        0
 2.496        0
 2.499        0
 2.501        0
 2.504        0
 2.506        0
 2.509        0
 2.511        0
 2.514        0
 2.516        0
 2.519        0
 2.521        0
 2.524        0
 2.526        0
 2.529        0
 2.531        0
 2.534        0
 2.536        0
 2.539        0
 2.541        0
 2.544        0
 2.546        0
 2.549        0
 2.551        0
 2.554        0
 2.556        0
 2.559        0
 2.561        0
 2.564        0
 2.566        0
 2.569        0
 2.571        0
 2.574        0
 2.576        0
 2.579        0
 2.581        0
 2.584        0
 2.586        0
 2.589        0
 2.591        0
 2.594        0
 2.596        0
 2.599        0
 2.601        0
 2.604        0
 2.606        0
 2.609        0
 2.611        0
 2.614        0
 2.616        0
 2.619        0
 2.621        0
 2.624        0
 2.626        0
 2.629        0
 2.631        0
 2.634        0
 2.636        0
 2.639        0
 2.641        0
 2.644        0
 2.646        0
 2.649        0
 2.651        0
 2.654        0
 2.656        0
 2.659        0
 2.661        0
 2.664        0
 2.666        0
 2.669        0
 2.671        0
 2.674        0
 2.676        0
 2.679        0
 2.681        0
 2.684        0
 2.686        0
 2.689        0
 2.691        0
 2.694        0
 2.696        0
 2.699        0
 2.701        0
 2.704        0
 2.706        0
 2.709        0
 2.711        0
 2.714        0
 2.716        0
 2.719        0
 2.721        0
 2.724        0
 2.726        0
 2.729        0
 2.731        0
 2.734        0
 2.736        0
 2.739        0
 2.741        0
 2.744        0
 2.746        0
 2.749        0
 2.751        0
 2.754        0
 2.756        0
 2.759        0
 2.761        0
 2.764        0
 2.766        0
 2.769        0
 2.771        0
 2.774        0
 2.776        0
 2.779        0
 2.781        0
 2.784        0
 2.786        0
 2.789        0
 2.791        0
 2.794        0
 2.796        0
 2.799        0
 2.801        0
 2.804        0
 2.806        0
 2.809        0
 2.811        0
 2.814        0
 2.816        0
 2.819        0
 2.821        0
 2.824        0
 2.826        0
 2.829        0
 2.831        0
 2.834        0
 2.836        0
 2.839        0
 2.841        0
 2.844        0
 2.846        0
 2.849        0
 2.851        0
 2.854        0
 2.856        0
 2.859        0
 2.861        0
 2.864        0
 2.866        0
 2.869        0
 2.871        0
 2.874        0
 2.876        0
 2.879        0
 2.881        0
 2.884        0
 2.886        0
 2.889        0
 2.891        0
 2.894        0
 2.896        0
 2.899        0
 2.901        0
 2.904        0
 2.906        0
 2.909        0
 2.911        0
 2.914        0
 2.916        0
 2.919        0
 2.921        0
 2.924        0
 2.926        0
 2.929        0
 2.931        0
 2.934        0
 2.936        0
 2.939        0
 2.941        0
 2.944        0
 2.946        0
 2.949        0
 2.951        0
 2.954        0
 2.956        0
 2.959        0
 2.961        0
 2.964        0
 2.966        0
 2.969        0
 2.971        0
 2.974        0
 2.976        0
 2.979        0
 2.981        0
 2.984        0
 2.986        0
 2.989        0
 2.991        0
 2.994        0
 2.996        0
 2.999        0
 3.001        0
 3.004        0
 3.006        0
 3.009        0
 3.011        0
 3.014        0
 3.016        0
 3.019        0
 3.021        0
 3.024        0
 3.026        0
 3.029        0
 3.031        0
 3.034        0
 3.036        0
 3.039        0
 3.041        0
 3.044        0
 3.046        0
 3.049        0
 3.051        0
 3.054        0
 3.056        0
 3.059        0
 3.061        0
 3.064        0
 3.066        0
 3.069        0
 3.071        0
 3.074        0
 3.076        0
 3.079        0
 3.081        0
 3.084        0
 3.086        0
 3.089        0
 3.091        0
 3.094        0
 3.096        0
 3.099        0
 3.101        0
 3.104        0
 3.106        0
 3.109        0
 3.111        0
 3.114        0
 3.116        0
 3.119        0
 3.121        0
 3.124        0
 3.126        0
 3.129        0
 3.131        0
 3.134        0
 3.136        0
 3.139        0
 3.141        0
 3.144        0
 3.146        0
 3.149        0
 3.151        0
 3.154        0
 3.156        0
 3.159        0
 3.161        0
 3.164        0
 3.166        0
 3.169        0
 3.171        0
 3.174        0
 3.176        0
 3.179        0
 3.181        0
 3.184        0
 3.186        0
 3.189        0
 3.191        0
 3.194        0
 3.196        0
 3.199        0
 3.201        0
 3.204        0
 3.206        0
 3.209        0
 3.211        0
 3.214        0
 3.216        0
 3.219        0
 3.221        0
 3.224        0
 3.226        0
 3.229        0
 3.231        0
 3.234        0
 3.236        0
 3.239        0
 3.241        0
 3.244        0
 3.246        0
 3.249        0
 3.251        0
 3.254        0
 3.256        0
 3.259        0
 3.261        0
 3.264        0
 3.266        0
 3.269        0
 3.271        0
 3.274        0
 3.276        0
 3.279        0
 3.281        0
 3.284        0
 3.286        0
 3.289        0
 3.291        0
 3.294        0
 3.296        0
 3.299        0
 3.301        0
 3.304        0
 3.306        0
 3.309        0
 3.311        0
 3.314        0
 3.316        0
 3.319        0
 3.321        0
 3.324        0
 3.326        0
 3.329        0
 3.331        0
 3.334        0
 3.336        0
 3.339        0
 3.341        0
 3.344        0
 3.346        0
 3.349        0
 3.351        0
 3.354        0
 3.356        0
 3.359        0
 3.361        0
 3.364        0
 3.366        0
 3.369        0
 3.371        0
 3.374        0
 3.376        0
 3.379        0
 3.381        0
 3.384        0
 3.386        0
 3.389        0
 3.391        0
 3.394        0
 3.396        0
 3.399        0
 3.401        0
 3.404        0
 3.406        0
 3.409        0
 3.411        0
 3.414        0
 3.416        0
 3.419        0
 3.421        0
 3.424        0
 3.426        0
 3.429        0
 3.431        0
 3.434        0
 3.436        0
 3.439        0
 3.441        0
 3.444        0
 3.446        0
 3.449        0
 3.451        0
 3.454        0
 3.456        0
 3.459        0
 3.461        0
 3.464        0
 3.466        0
 3.469        0
 3.471        0
 3.474        0
 3.476        0
 3.479        0
 3.481        0
 3.484        0
 3.486        0
 3.489        0
 3.491        0
 3.494        0
 3.496        0
 3.499        0
 3.501        0
 3.504        0
 3.506        0
 3.509        0
 3.511        0
 3.514        0
 3.516        0
 3.519        0
 3.521        0
 3.524        0
 3.526        0
 3.529        0
 3.531        0
 3.534        0
 3.536        0
 3.539        0
 3.541        0
 3.544        0
 3.546        0
 3.549        0
 3.551        0
 3.554        0
 3.556        0
 3.559        0
 3.561        0
 3.564        0
 3.566        0
 3.569        0
 3.571        0
 3.574        0
 3.576        0
 3.579        0
 3.581        0
 3.584        0
 3.586        0
 3.589        0
 3.591        0
 3.594        0
 3.596        0
 3.599        0
 3.601        0
 3.604        0
 3.606        0
 3.609        0
 3.611        0
 3.614        0
 3.616        0
 3.619        0
 3.621        0
 3.624        0
 3.626        0
 3.629        0
 3.631        0
 3.634        0
 3.636        0
 3.639        0
 3.641        0
 3.644        0
 3.646        0
 3.649        0
 3.651        0
 3.654        0
 3.656        0
 3.659        0
 3.661        0
 3.664        0
 3.666        0
 3.669        0
 3.671        0
 3.674        0
 3.676        0
 3.679        0
 3.681        0
 3.684        0
 3.686        0
 3.689        0
 3.691        0
 3.694        0
 3.696        0
 3.699        0
 3.701        0
 3.704        0
 3.706        0
 3.709        0
 3.711        0
 3.714        0
 3.716        0
 3.719        0
 3.721        0
 3.724        0
 3.726        0
 3.729        0
 3.731        0
 3.734        0
 3.736        0
 3.739        0
 3.741        0
 3.744        0
 3.746        0
 3.749        0
 3.751        0
 3.754        0
 3.756        0
 3.759        0
 3.761        0
 3.764        0
 3.766        0
 3.769        0
 3.771        0
 3.774        0
 3.776        0
 3.779        0
 3.781        0
 3.784        0
 3.786        0
 3.789        0
 3.791        0
 3.794        0
 3.796        0
 3.799        0
 3.801        0
 3.804        0
 3.806        0
 3.809        0
 3.811        0
 3.814        0
 3.816        0
 3.819        0
 3.821        0
 3.824        0
 3.826        0
 3.829        0
 3.831        0
 3.834        0
 3.836        0
 3.839        0
 3.841        0
 3.844        0
 3.846        0
 3.849        0
 3.851        0
 3.854        0
 3.856        0
 3.859        0
 3.861        0
 3.864        0
 3.866        0
 3.869        0
 3.871        0
 3.874        0
 3.876        0
 3.879        0
 3.881        0
 3.884        0
 3.886        0
 3.889        0
 3.891        0
 3.894        0
 3.896        0
 3.899        0
 3.901        0
 3.904        0
 3.906        0
 3.909        0
 3.911        0
 3.914        0
 3.916        0
 3.919        0
 3.921        0
 3.924        0
 3.926        0
 3.929        0
 3.931        0
 3.934        0
 3.936        0
 3.939        0
 3.941        0
 3.944        0
 3.946        0
 3.949        0
 3.951        0
 3.954        0
 3.956        0
 3.959        0
 3.961        0
 3.964        0
 3.966        0
 3.969        0
 3.971        0
 3.974        0
 3.976        0
 3.979        0
 3.981        0
 3.984        0
 3.986        0
 3.989        0
 3.991        0
 3.994        0
 3.996        0
 3.999        0
 4.001        0
 4.004        0
 4.006        0
 4.009        0
 4.011        0
 4.014        0
 4.016        0
 4.019        0
 4.021        0
 4.024        0
 4.026        0
 4.029        0
 4.031        0
 4.034        0
 4.036        0
 4.039        0
 4.041        0
 4.044        0
 4.046        0
 4.049        0
 4.051        0
 4.054        0
 4.056        0
 4.059        0
 4.061        0
 4.064        0
 4.066        0
 4.069        0
 4.071        0
 4.074        0
 4.076        0
 4.079        0
 4.081        0
 4.084        0
 4.086        0
 4.089        0
 4.091        0
 4.094        0
 4.096        0
 4.099        0
 4.101        0
 4.104        0
 4.106        0
 4.109        0
 4.111        0
 4.114        0
 4.116        0
 4.119        0
 4.121        0
 4.124        0
 4.126        0
 4.129        0
 4.131        0
 4.134        0
 4.136        0
 4.139        0
 4.141        0
 4.144        0
 4.146        0
 4.149        0
 4.151        0
 4.154        0
 4.156        0
 4.159        0
 4.161        0
 4.164        0
 4.166        0
 4.169        0
 4.171        0
 4.174        0
 4.176        0
 4.179        0
 4.181        0
 4.184        0
 4.186        0
 4.189        0
 4.191        0
 4.194        0
 4.196        0
 4.199        0
 4.201        0
 4.204        0
 4.206        0
 4.209        0
 4.211        0
 4.214        0
 4.216        0
 4.219        0
 4.221        0
 4.224        0
 4.226        0
 4.229        0
 4.231        0
 4.234        0
 4.236        0
 4.239        0
 4.241        0
 4.244        0
 4.246        0
 4.249        0
 4.251        0
 4.254        0
 4.256        0
 4.259        0
 4.261        0
 4.264        0
 4.266        0
 4.269        0
 4.271        0
 4.274        0
 4.276        0
 4.279        0
 4.281        0
 4.284        0
 4.286        0
 4.289        0
 4.291        0
 4.294        0
 4.296        0
 4.299        0
 4.301        0
 4.304        0
 4.306        0
 4.309        0
 4.311        0
 4.314        0
 4.316        0
 4.319        0
 4.321        0
 4.324        0
 4.326        0
 4.329        0
 4.331        0
 4.334        0
 4.336        0
 4.339        0
 4.341        0
 4.344        0
 4.346        0
 4.349        0
 4.351        0
 4.354        0
 4.356        0
 4.359        0
 4.361        0
 4.364        0
 4.366        0
 4.369        0
 4.371        0
 4.374        0
 4.376        0
 4.379        0
 4.381        0
 4.384        0
 4.386        0
 4.389        0
 4.391        0
 4.394        0
 4.396        0
 4.399        0
 4.401        0
 4.404        0
 4.406        0
 4.409        0
 4.411        0
 4.414        0
 4.416        0
 4.419        0
 4.421        0
 4.424        0
 4.426        0
 4.429        0
 4.431        0
 4.434        0
 4.436        0
 4.439        0
 4.441        0
 4.444        0
 4.446        0
 4.449        0
 4.451        0
 4.454        0
 4.456        0
 4.459        0
 4.461        0
 4.464        0
 4.466        0
 4.469        0
 4.471        0
 4.474        0
 4.476        0
 4.479        0
 4.481        0
 4.484        0
 4.486        0
 4.489        0
 4.491        0
 4.494        0
 4.496        0
 4.499        0
 4.501        0
 4.504        0
 4.506        0
 4.509        0
 4.511        0
 4.514        0
 4.516        0
 4.519        0
 4.521        0
 4.524        0
 4.526        0
 4.529        0
 4.531        0
 4.534        0
 4.536        0
 4.539        0
 4.541        0
 4.544        0
 4.546        0
 4.549        0
 4.551        0
 4.554        0
 4.556        0
 4.559        0
 4.561        0
 4.564        0
 4.566        0
 4.569        0
 4.571        0
 4.574        0
 4.576        0
 4.579        0
 4.581        0
 4.584        0
 4.586        0
 4.589        0
 4.591        0
 4.594        0
 4.596        0
 4.599        0
 4.601        0
 4.604        0
 4.606        0
 4.609        0
 4.611        0
 4.614        0
 4.616        0
 4.619        0
 4.621        0
 4.624        0
 4.626        0
 4.629        0
 4.631        0
 4.634        0
 4.636        0
 4.639        0
 4.641        0
 4.644        0
 4.646        0
 4.649        0
 4.651        0
 4.654        0
 4.656        0
 4.659        0
 4.661        0
 4.664        0
 4.666        0
 4.669        0
 4.671        0
 4.674        0
 4.676        0
 4.679        0
 4.681        0
 4.684        0
 4.686        0
 4.689        0
 4.691        0
 4.694        0
 4.696        0
 4.699        0
 4.701        0
 4.704        0
 4.706        0
 4.709        0
 4.711        0
 4.714        0
 4.716        0
 4.719        0
 4.721        0
 4.724        0
 4.726        0
 4.729        0
 4.731        0
 4.734        0
 4.736        0
 4.739        0
 4.741        0
 4.744        0
 4.746        0
 4.749        0
 4.751        0
 4.754        0
 4.756        0
 4.759        0
 4.761        0
 4.764        0
 4.766        0
 4.769        0
 4.771        0
 4.774        0
 4.776        0
 4.779        0
 4.781        0
 4.784        0
 4.786        0
 4.789        0
 4.791        0
 4.794        0
 4.796        0
 4.799        0
 4.801        0
 4.804        0
 4.806        0
 4.809        0
 4.811        0
 4.814        0
 4.816        0
 4.819        0
 4.821        0
 4.824        0
 4.826        0
 4.829        0
 4.831        0
 4.834        0
 4.836        0
 4.839        0
 4.841        0
 4.844        0
 4.846        0
 4.849        0
 4.851        0
 4.854        0
 4.856        0
 4.859        0
 4.861        0
 4.864        0
 4.866        0
 4.869        0
 4.871        0
 4.874        0
 4.876        0
 4.879        0
 4.881        0
 4.884        0
 4.886        0
 4.889        0
 4.891        0
 4.894        0
 4.896        0
 4.899        0
 4.901        0
 4.904        0
 4.906        0
 4.909        0
 4.911        0
 4.914        0
 4.916        0
 4.919        0
 4.921        0
 4.924        0
 4.926        0
 4.929        0
 4.931        0
 4.934        0
 4.936        0
 4.939        0
 4.941        0
 4.944        0
 4.946        0
 4.949        0
 4.951        0
 4.954        0
 4.956        0
 4.959        0
 4.961        0
 4.964        0
 4.966        0
 4.969        0
 4.971        0
 4.974        0
 4.976        0
 4.979        0
 4.981        0
 4.984        0
 4.986        0
 4.989        0
 4.991        0
 4.994        0
 4.996        0
 4.999        0
