-0.995        2
-0.985        1
-0.975        2
-0.965        0
-0.955        1
-0.945        0
-0.935        2
-0.925        0
-0.915        1
-0.905        1
-0.895        2
-0.885        2
-0.875        3
-0.865        0
-0.855        2
-0.845        1
-0.835        4
-0.825        1
-0.815        0
-0.805        2
-0.795        2
-0.785        0
-0.775        1
-0.765        3
-0.755        2
-0.745        2
-0.735        2
-0.725        0
-0.715        1
-0.705        1
-0.695        4
-0.685        0
-0.675        3
-0.665        2
-0.655        0
-0.645        1
-0.635        4
-0.625        2
-0.615        0
-0.605        3
-0.595        0
-0.585        0
-0.575        1
-0.565        3
-0.555        2
-0.545        1
-0.535        0
-0.525        2
-0.515        0
-0.505        1
-0.495        0
-0.485        1
-0.475        3
-0.465        2
-0.455        0
-0.445        1
-0.435        4
-0.425        1
-0.415        2
-0.405        2
-0.395        2
-0.385        3
-0.375        1
-0.365        1
-0.355        2
-0.345        0
-0.335        2
-0.325        1
-0.315        2
-0.305        4
-0.295        5
-0.285        3
-0.275        3
-0.265        0
-0.255        3
-0.245        3
-0.235        1
-0.225        7
-0.215        5
-0.205        2
-0.195        4
-0.185        2
-0.175        5
-0.165        3
-0.155        3
-0.145        0
-0.135        2
-0.125        6
-0.115        5
-0.105        4
-0.095        5
-0.085        4
-0.075        5
-0.065        5
-0.055        5
-0.045        2
-0.035        3
-0.025        2
-0.015        3
-0.005        5
 0.005        2
 0.015        5
 0.025        4
 0.035        1
 0.045        3
 0.055        4
 0.065        4
 0.075        3
 0.085        5
 0.095        7
 0.105        5
 0.115        4
 0.125        3
 0.135        9
 0.145        4
 0.155        7
 0.165        7
 0.175        4
 0.185        4
 0.195        2
 0.205        3
 0.215        9
 0.225        9
 0.235       12
 0.245        4
 0.255        6
 0.265       12
 0.275       12
 0.285        9
 0.295        8
 0.305       13
 0.315        9
 0.325       13
 0.335       10
 0.345        9
 0.355        8
 0.365       12
 0.375        9
 0.385       12
 0.395        8
 0.405       16
 0.415       13
 0.425       11
 0.435       13
 0.445       12
 0.455       17
 0.465       14
 0.475       10
 0.485       17
 0.495       17
 0.505       17
 0.515       23
 0.525       21
 0.535       28
 0.545       22
 0.555       20
 0.565       32
 0.575       26
 0.585       17
 0.595       24
 0.605       30
 0.615       38
 0.625       31
 0.635       36
 0.645       24
 0.655       39
 0.665       34
 0.675       47
 0.685       41
 0.695       48
 0.705       67
 0.715       52
 0.725       59
 0.735       74
 0.745       79
 0.755       61
 0.765       68
 0.775       86
 0.785       86
 0.795      106
 0.805      122
 0.815      113
 0.825      140
 0.835      136
 0.845      142
 0.855      183
 0.865      225
 0.875      258
 0.885      313
 0.895      341
 0.905      444
 0.915      540
 0.925      716
 0.935      860
 0.945     1277
 0.955     1878
 0.965     2963
 0.975     5434
 0.985    13413
 0.995   152078
