        9.523809523810E-02         4.138471030459E-05
          0.190476190476           8.022566676594E-05
          0.285714285714           1.071824661982E-04
          0.380952380952           1.062716136907E-04
          0.476190476190           5.450953765495E-05
          0.571428571429           7.846298975881E-05
          0.666666666667           3.307809353551E-04
          0.761904761905           7.487879045814E-04
          0.857142857143           1.387512987151E-03
          0.952380952381           2.311205967979E-03
           1.04761904762           3.593949174133E-03
           1.14285714286           5.320368753376E-03
           1.23809523810           7.586473527417E-03
           1.33333333333           1.050065593095E-02
           1.42857142857           1.418489719810E-02
           1.52380952381           1.877622823812E-02
           1.61904761905           2.442850901135E-02
           1.71428571429           3.131460328147E-02
           1.80952380952           3.962904318383E-02
           1.90476190476           4.959130017477E-02
           2.00000000000           6.144980702418E-02
