   0.0000000000000000        85688967671.578552     
   1.0000000000000000E-014   81332914584.292480     
   2.0000000000000000E-014   77213165273.109680     
   2.9999999999999998E-014   73328187489.060181     
   4.0000000000000000E-014   69658671301.337234     
   5.0000000000000002E-014   66208566925.854698     
   5.9999999999999997E-014   62946957990.774414     
   7.0000000000000005E-014   59849506893.531364     
   8.0000000000000000E-014   56905826724.521378     
   8.9999999999999995E-014   54122968037.836388     
   1.0000000000000000E-013   51493916546.849579     
   1.1000000000000000E-013   48992821406.357658     
   1.1999999999999999E-013   46612323812.200218     
   1.3000000000000000E-013   44368747727.117340     
   1.4000000000000001E-013   42236856377.607010     
   1.4999999999999999E-013   40220651204.506721     
   1.6000000000000000E-013   38305785154.315651     
   1.7000000000000001E-013   36488112401.667633     
   1.7999999999999999E-013   34737870702.236496     
   1.9000000000000000E-013   33082345946.826389     
   2.0000000000000001E-013   31509090155.783875     
   2.0999999999999999E-013   30009725225.873886     
   2.2000000000000000E-013   28588587682.819355     
   2.2999999999999998E-013   27231637308.792557     
   2.3999999999999999E-013   25940264008.833630     
   2.4999999999999999E-013   24704674727.012936     
   2.6000000000000000E-013   23532848503.593987     
   2.7000000000000001E-013   22431705295.364311     
   2.8000000000000002E-013   21398793036.086880     
   2.8999999999999998E-013   20410659163.718586     
   2.9999999999999998E-013   19479246908.060974     
   3.0999999999999999E-013   18598976392.255154     
   3.2000000000000000E-013   17754793068.604347     
   3.3000000000000001E-013   16962683262.668552     
   3.4000000000000002E-013   16208989168.757767     
   3.5000000000000002E-013   15492575921.291821     
   3.5999999999999998E-013   14810093901.240681     
   3.6999999999999999E-013   14158852077.778519     
   3.8000000000000000E-013   13541406164.054123     
   3.9000000000000000E-013   12960629760.071028     
   4.0000000000000001E-013   12422583005.650578     
   4.1000000000000002E-013   11916444996.720556     
   4.1999999999999998E-013   11423512784.437542     
   4.2999999999999999E-013   10962863461.630041     
   4.3999999999999999E-013   10531292660.627880     
   4.5000000000000000E-013   10120318657.096899     
   4.5999999999999996E-013   9719742337.8782310     
   4.7000000000000002E-013   9332900841.9646473     
   4.7999999999999997E-013   8954443164.7874451     
   4.9000000000000003E-013   8596657679.6503983     
   4.9999999999999999E-013   8234064991.5915604     
   5.1000000000000005E-013   7899789780.5867863     
   5.2000000000000001E-013   7577090759.6141014     
   5.2999999999999996E-013   7280552668.6045732     
   5.4000000000000002E-013   7007178756.5234308     
   5.4999999999999998E-013   6754084048.5854902     
   5.6000000000000004E-013   6512326548.7461224     
   5.6999999999999999E-013   6266071900.6034460     
   5.7999999999999995E-013   6034781198.5922203     
   5.9000000000000001E-013   5804007799.4694052     
   5.9999999999999997E-013   5584168684.3806744     
   6.1000000000000003E-013   5374508269.2765226     
   6.1999999999999998E-013   5165995660.9819822     
   6.3000000000000004E-013   4969510801.8251562     
   6.4000000000000000E-013   4775647232.4884930     
   6.4999999999999996E-013   4571734232.9753637     
   6.6000000000000001E-013   4384523005.0638361     
   6.6999999999999997E-013   4205080996.3996291     
   6.8000000000000003E-013   4034698266.0637946     
   6.8999999999999999E-013   3882009537.0598087     
   7.0000000000000005E-013   3730976825.5326476     
   7.1000000000000000E-013   3598905581.2127271     
   7.1999999999999996E-013   3460338877.6882815     
   7.3000000000000002E-013   3327839930.3477616     
   7.3999999999999998E-013   3197210611.1152816     
   7.5000000000000004E-013   3069881805.0068231     
   7.5999999999999999E-013   2939717771.6792760     
   7.6999999999999995E-013   2804576231.3465648     
   7.8000000000000001E-013   2677273502.3317852     
   7.8999999999999997E-013   2568390021.2220788     
   8.0000000000000002E-013   2458520012.2268281     
   8.0999999999999998E-013   2336532742.4800863     
   8.2000000000000004E-013   2239926443.0761290     
   8.3000000000000000E-013   2145447908.4338939     
   8.3999999999999995E-013   2054877780.4833713     
   8.5000000000000001E-013   1971825311.1342850     
   8.5999999999999997E-013   1882292309.3973696     
   8.7000000000000003E-013   1795578599.7227347     
   8.7999999999999999E-013   1707772303.0265059     
   8.9000000000000004E-013   1630453254.6498594     
   9.0000000000000000E-013   1560396657.1636047     
   9.0999999999999996E-013   1498415627.5130563     
   9.1999999999999992E-013   1441484111.1298628     
   9.3000000000000008E-013   1373075359.6456184     
   9.4000000000000003E-013   1299437634.5420723     
   9.4999999999999999E-013   1226231814.4119503     
   9.5999999999999995E-013   1167684229.0770805     
   9.6999999999999991E-013   1103693032.9659431     
   9.8000000000000007E-013   1052487202.8366346     
   9.9000000000000002E-013   1026907926.8860013     
   9.9999999999999998E-013   1008786328.0714530     
   1.0099999999999999E-012   996799169.50393605     
   1.0200000000000001E-012   990846745.13351905     
   1.0300000000000001E-012   993466502.07369888     
   1.0400000000000000E-012   992717065.09211326     
   1.0500000000000000E-012   989089416.91582739     
   1.0599999999999999E-012   990769802.45991993     
   1.0700000000000001E-012   994242739.72933614     
   1.0800000000000000E-012   994486833.03387070     
   1.0900000000000000E-012   1000081438.7510662     
   1.1000000000000000E-012   991553249.76684952     
   1.1099999999999999E-012   979587890.53675508     
   1.1200000000000001E-012   958823942.46081650     
   1.1300000000000000E-012   942388835.13891006     
   1.1400000000000000E-012   928952282.71705055     
   1.1499999999999999E-012   904441223.87392211     
   1.1599999999999999E-012   881852532.78416765     
   1.1700000000000001E-012   862677417.31243825     
   1.1800000000000000E-012   849295656.68976343     
   1.1900000000000000E-012   823139941.77657747     
   1.1999999999999999E-012   797505917.13253140     
   1.2100000000000001E-012   754741555.21131766     
   1.2200000000000001E-012   713926252.27157462     
   1.2300000000000000E-012   696685230.48663962     
   1.2400000000000000E-012   664377183.30618417     
   1.2499999999999999E-012   646763486.35796773     
   1.2600000000000001E-012   624491787.23409712     
   1.2700000000000000E-012   601037852.75067794     
   1.2800000000000000E-012   581586404.44043136     
   1.2900000000000000E-012   553736423.75224137     
   1.2999999999999999E-012   520177855.37970322     
   1.3100000000000001E-012   475997774.67330676     
   1.3200000000000000E-012   445029214.73948038     
   1.3300000000000000E-012   418077094.32227093     
   1.3399999999999999E-012   405022155.92374599     
   1.3499999999999999E-012   391152975.45275128     
   1.3600000000000001E-012   367192424.16522598     
   1.3700000000000000E-012   344431570.45163924     
   1.3800000000000000E-012   320818978.09402043     
   1.3899999999999999E-012   291452302.67366755     
   1.4000000000000001E-012   271559343.96540070     
   1.4100000000000001E-012   253516570.19252682     
   1.4200000000000000E-012   235717409.98225480     
   1.4300000000000000E-012   221834158.80706337     
   1.4399999999999999E-012   201914524.46952817     
   1.4500000000000001E-012   174030886.25129688     
   1.4600000000000000E-012   153460485.26775700     
   1.4700000000000000E-012   135656303.57350382     
   1.4800000000000000E-012   116848709.50848198     
   1.4899999999999999E-012   101232604.78004621     
   1.5000000000000001E-012   86983816.359881416     
   1.5100000000000000E-012   67089276.789059982     
   1.5200000000000000E-012   41372406.334481657     
   1.5299999999999999E-012   12218065.674673373     
   1.5399999999999999E-012  -21251746.727511197     
   1.5500000000000001E-012  -52389511.921968654     
   1.5600000000000000E-012  -93921948.563247725     
   1.5700000000000000E-012  -132502222.47944741     
   1.5799999999999999E-012  -177967233.52341518     
   1.5900000000000001E-012  -238383056.41467214     
   1.6000000000000000E-012  -288514984.93392533     
   1.6100000000000000E-012  -332236266.71023601     
   1.6200000000000000E-012  -366788266.05812538     
   1.6299999999999999E-012  -394212973.81961304     
   1.6400000000000001E-012  -433104319.79598463     
   1.6500000000000000E-012  -471372538.03854901     
   1.6600000000000000E-012  -496648401.25821549     
   1.6700000000000000E-012  -506724253.07784581     
   1.6799999999999999E-012  -512992826.20918435     
   1.6900000000000001E-012  -510972676.11759150     
   1.7000000000000000E-012  -519751880.12200159     
   1.7100000000000000E-012  -524201714.70497996     
   1.7199999999999999E-012  -512295179.98722959     
   1.7299999999999999E-012  -510751788.08726889     
   1.7400000000000001E-012  -496624989.44648719     
   1.7500000000000000E-012  -486530281.26564568     
   1.7600000000000000E-012  -465055806.72139841     
   1.7699999999999999E-012  -438807854.05088711     
   1.7800000000000001E-012  -408497855.94898033     
   1.7900000000000000E-012  -389787644.07694381     
   1.8000000000000000E-012  -376591302.76074928     
   1.8100000000000000E-012  -357143471.84685290     
   1.8199999999999999E-012  -352643927.23325825     
   1.8300000000000001E-012  -327776523.54568434     
   1.8399999999999998E-012  -299636132.44830537     
   1.8500000000000000E-012  -268844444.29247588     
   1.8600000000000002E-012  -239272207.46917078     
   1.8699999999999999E-012  -198824915.53550017     
   1.8800000000000001E-012  -154163783.09414631     
   1.8899999999999998E-012  -104412461.90575166     
   1.9000000000000000E-012  -62090878.697089091     
   1.9100000000000001E-012  -27091945.463694673     
   1.9199999999999999E-012  -1530443.3638386109     
   1.9300000000000001E-012   28219414.473127529     
   1.9399999999999998E-012   58143538.823799767     
   1.9500000000000000E-012   77725533.435475335     
   1.9600000000000001E-012   85610449.877380326     
   1.9699999999999999E-012   75177338.001159921     
   1.9800000000000000E-012   57880138.914235219     
   1.9899999999999998E-012   56725246.095690094     
   2.0000000000000000E-012   27750753.709428277     
   2.0100000000000001E-012   6161026.1161117684     
   2.0199999999999999E-012  -20812222.976113219     
   2.0300000000000000E-012  -44712287.344569519     
   2.0400000000000002E-012  -53319030.450047724     
   2.0499999999999999E-012  -79473020.453666538     
   2.0600000000000001E-012  -101991155.37322067     
   2.0699999999999999E-012  -127657324.77389762     
   2.0800000000000000E-012  -151102548.29500419     
   2.0900000000000002E-012  -179992582.18730316     
   2.0999999999999999E-012  -214790718.68457282     
   2.1100000000000001E-012  -248876711.30869293     
   2.1199999999999999E-012  -278410346.37564421     
   2.1300000000000000E-012  -298450498.55818528     
   2.1400000000000002E-012  -302674256.14145541     
   2.1499999999999999E-012  -300253982.19393778     
   2.1600000000000001E-012  -288041793.32774085     
   2.1699999999999998E-012  -275279675.53817511     
   2.1800000000000000E-012  -245153836.42546216     
   2.1900000000000002E-012  -226052175.90532690     
   2.1999999999999999E-012  -210729280.51354188     
   2.2100000000000001E-012  -193864258.29724678     
   2.2199999999999998E-012  -191293488.61469144     
   2.2300000000000000E-012  -198466797.90543857     
   2.2400000000000001E-012  -205412182.17256948     
   2.2499999999999999E-012  -209261160.47212824     
   2.2600000000000001E-012  -212562978.62918371     
   2.2699999999999998E-012  -223399948.76533923     
   2.2800000000000000E-012  -233733393.91562906     
   2.2900000000000001E-012  -250394073.48713669     
   2.2999999999999999E-012  -271043674.58537412     
   2.3100000000000001E-012  -293940656.06580561     
   2.3199999999999998E-012  -311430807.60348868     
   2.3300000000000000E-012  -333063630.29193759     
   2.3400000000000001E-012  -341072600.83789855     
   2.3499999999999999E-012  -347708029.30182409     
   2.3600000000000000E-012  -354578666.14043730     
   2.3699999999999998E-012  -366305740.55268830     
   2.3800000000000000E-012  -362833952.27475494     
   2.3900000000000001E-012  -360565526.74969614     
   2.3999999999999999E-012  -363014604.49323624     
   2.4100000000000000E-012  -370912469.25895220     
   2.4200000000000002E-012  -380823782.07888329     
   2.4299999999999999E-012  -379631004.05308849     
   2.4400000000000001E-012  -382483551.72970927     
   2.4499999999999999E-012  -389099947.49518222     
   2.4600000000000000E-012  -391826043.33326894     
   2.4700000000000002E-012  -406846940.99914676     
   2.4799999999999999E-012  -421369245.54750437     
   2.4900000000000001E-012  -424824202.76071340     
   2.4999999999999998E-012  -419057381.14461523     
   2.5100000000000000E-012  -410725567.47038722     
   2.5200000000000002E-012  -416659750.28690422     
   2.5299999999999999E-012  -425144034.95410901     
   2.5400000000000001E-012  -433797624.17753130     
   2.5499999999999998E-012  -428227716.51177955     
   2.5600000000000000E-012  -413108462.96492636     
   2.5700000000000002E-012  -409152554.61135417     
   2.5799999999999999E-012  -398781423.14700824     
   2.5900000000000001E-012  -395333771.69068378     
   2.5999999999999998E-012  -396594657.71145320     
   2.6100000000000000E-012  -392357061.02484363     
   2.6200000000000001E-012  -395551490.51604122     
   2.6299999999999999E-012  -398723957.56564891     
   2.6400000000000001E-012  -414013450.70675927     
   2.6499999999999998E-012  -423407202.47544247     
   2.6600000000000000E-012  -426631221.91489780     
   2.6700000000000001E-012  -422420639.02962220     
   2.6799999999999999E-012  -423538899.40900081     
   2.6900000000000000E-012  -417501636.78642875     
   2.6999999999999998E-012  -423222225.41943741     
   2.7100000000000000E-012  -426545751.95294225     
   2.7200000000000001E-012  -424951991.29395288     
   2.7299999999999999E-012  -428354665.40392751     
   2.7400000000000000E-012  -434051872.14916229     
   2.7500000000000002E-012  -437829973.99045825     
   2.7600000000000000E-012  -420690322.19463998     
   2.7700000000000001E-012  -403840857.52534854     
   2.7799999999999999E-012  -389378503.66935253     
   2.7900000000000000E-012  -381101525.07022297     
   2.8000000000000002E-012  -383576759.92037469     
   2.8099999999999999E-012  -405048723.77255803     
   2.8200000000000001E-012  -402925966.97294557     
   2.8299999999999999E-012  -408160680.97633976     
   2.8400000000000000E-012  -403975911.33611822     
   2.8500000000000002E-012  -392713033.59381300     
   2.8599999999999999E-012  -390117749.69987506     
   2.8700000000000001E-012  -390584435.56794500     
   2.8799999999999998E-012  -397854487.98446620     
   2.8900000000000000E-012  -389336161.46178424     
   2.9000000000000002E-012  -397184015.35455239     
   2.9099999999999999E-012  -400200431.54124892     
   2.9200000000000001E-012  -397298187.60084099     
   2.9299999999999998E-012  -381728296.63729244     
   2.9400000000000000E-012  -359359124.18605900     
   2.9500000000000002E-012  -341219169.28747123     
   2.9599999999999999E-012  -321179163.38971370     
   2.9700000000000001E-012  -309430427.06366575     
   2.9799999999999998E-012  -302660565.41899943     
   2.9900000000000000E-012  -288111888.11760980     
   3.0000000000000001E-012  -275433864.16882575     
   3.0099999999999999E-012  -270925160.41674393     
   3.0200000000000001E-012  -267844313.34044933     
   3.0299999999999998E-012  -261342835.82003364     
   3.0400000000000000E-012  -248645078.96981370     
   3.0500000000000001E-012  -237656572.61284521     
   3.0599999999999999E-012  -225573066.79386178     
   3.0700000000000000E-012  -226780522.57873899     
   3.0799999999999998E-012  -221780238.19866216     
   3.0900000000000000E-012  -225953764.19075501     
   3.1000000000000001E-012  -215224374.66257870     
   3.1099999999999999E-012  -203262577.83374146     
   3.1200000000000000E-012  -205677663.88076437     
   3.1300000000000002E-012  -215072032.72731823     
   3.1399999999999999E-012  -232476879.19413966     
   3.1500000000000001E-012  -255932364.85401258     
   3.1599999999999999E-012  -290078750.52850807     
   3.1700000000000000E-012  -315268573.67615974     
   3.1800000000000002E-012  -335370245.68346179     
   3.1899999999999999E-012  -362865256.77155733     
   3.2000000000000001E-012  -391218163.35260081     
   3.2099999999999999E-012  -410332121.87158185     
   3.2200000000000000E-012  -431967141.13946366     
   3.2300000000000002E-012  -442147272.63777983     
   3.2399999999999999E-012  -452233455.54574651     
   3.2500000000000001E-012  -471013624.96830982     
   3.2599999999999998E-012  -509941516.64292055     
   3.2700000000000000E-012  -544969229.70467985     
   3.2800000000000002E-012  -566802809.69918156     
   3.2899999999999999E-012  -587576568.29404128     
   3.3000000000000001E-012  -605635793.71082640     
   3.3099999999999998E-012  -617603218.72518194     
   3.3200000000000000E-012  -619986938.56598842     
   3.3300000000000001E-012  -624661272.83348310     
   3.3399999999999999E-012  -627372964.90820920     
   3.3500000000000001E-012  -631975919.12447584     
   3.3599999999999998E-012  -626208130.71740520     
   3.3700000000000000E-012  -620189130.11804783     
   3.3800000000000001E-012  -602575880.04848397     
   3.3899999999999999E-012  -593573765.93346870     
   3.4000000000000001E-012  -583697954.38292336     
   3.4099999999999998E-012  -581753912.24459636     
   3.4200000000000000E-012  -572438094.98789132     
   3.4300000000000001E-012  -570492396.89381373     
   3.4399999999999999E-012  -574658818.62245953     
   3.4500000000000000E-012  -579667732.71899819     
   3.4599999999999998E-012  -583744041.25647891     
   3.4700000000000000E-012  -582567594.86740816     
   3.4800000000000001E-012  -581798849.23974836     
   3.4899999999999999E-012  -577461559.03042996     
   3.5000000000000000E-012  -587139215.34962094     
   3.5100000000000002E-012  -596760108.79345608     
   3.5199999999999999E-012  -599289539.55946088     
   3.5300000000000001E-012  -606372161.45207608     
   3.5399999999999999E-012  -608460582.44770133     
   3.5500000000000000E-012  -618696577.85352993     
   3.5600000000000002E-012  -627115476.23934293     
   3.5699999999999999E-012  -630194743.84893095     
   3.5800000000000001E-012  -634830670.61350083     
   3.5899999999999998E-012  -637408950.89726377     
   3.6000000000000000E-012  -636662352.95197833     
   3.6100000000000002E-012  -631300016.54416251     
   3.6199999999999999E-012  -624317987.09602165     
   3.6300000000000001E-012  -610206109.60681915     
   3.6399999999999998E-012  -600039904.54574430     
   3.6500000000000000E-012  -583235331.09964275     
   3.6600000000000002E-012  -566725279.99874747     
   3.6700000000000003E-012  -541833448.25261021     
   3.6799999999999997E-012  -527665945.95268738     
   3.6899999999999998E-012  -528116599.32749307     
   3.7000000000000000E-012  -529996814.15271837     
   3.7100000000000001E-012  -538678650.41829395     
   3.7200000000000003E-012  -549179812.39295578     
   3.7299999999999997E-012  -545292868.22915423     
   3.7399999999999998E-012  -556506663.32037389     
   3.7500000000000000E-012  -563747378.06804967     
   3.7600000000000001E-012  -559599160.92792821     
   3.7700000000000003E-012  -554796659.99599254     
   3.7799999999999996E-012  -546863691.49860966     
   3.7899999999999998E-012  -536880811.16998827     
   3.8000000000000000E-012  -543422982.54024482     
   3.8100000000000001E-012  -541639803.70409083     
   3.8200000000000003E-012  -543640943.09064281     
   3.8299999999999996E-012  -557840321.59371400     
   3.8399999999999998E-012  -574820200.49780905     
   3.8500000000000000E-012  -609334169.54960561     
   3.8600000000000001E-012  -626154911.73902631     
   3.8700000000000003E-012  -650021186.85461640     
   3.8799999999999996E-012  -667863337.13660777     
   3.8899999999999998E-012  -675825702.64556754     
   3.8999999999999999E-012  -679635528.76379132     
   3.9100000000000001E-012  -680484306.43366015     
   3.9200000000000003E-012  -674822837.84545147     
   3.9299999999999996E-012  -664641683.89243174     
   3.9399999999999998E-012  -673228431.51071393     
   3.9499999999999999E-012  -689506380.87885749     
   3.9600000000000001E-012  -703322963.90931940     
   3.9700000000000002E-012  -700697960.74938643     
   3.9799999999999996E-012  -696049212.14793766     
   3.9899999999999998E-012  -692839007.99922383     
   3.9999999999999999E-012  -676553033.49060166     
   4.0100000000000001E-012  -646349136.75653040     
   4.0200000000000002E-012  -618774092.50905252     
   4.0300000000000004E-012  -600830832.68837869     
   4.0399999999999997E-012  -592525725.39617264     
   4.0499999999999999E-012  -584922933.97852552     
   4.0600000000000001E-012  -580305493.12410736     
   4.0700000000000002E-012  -567775373.94348300     
   4.0800000000000004E-012  -557970401.72877979     
   4.0899999999999997E-012  -532301233.13187450     
   4.0999999999999999E-012  -507022978.14772958     
   4.1100000000000001E-012  -479801433.49313647     
   4.1200000000000002E-012  -457810787.93847930     
   4.1300000000000004E-012  -438097353.06934398     
   4.1399999999999997E-012  -426603137.75744617     
   4.1499999999999999E-012  -415272267.96612591     
   4.1600000000000000E-012  -406201519.85100883     
   4.1700000000000002E-012  -402714117.52099597     
   4.1800000000000004E-012  -404920636.38659924     
   4.1899999999999997E-012  -408133380.27144527     
   4.1999999999999999E-012  -406860050.39895135     
   4.2100000000000000E-012  -397013546.77158201     
   4.2200000000000002E-012  -378641947.96196592     
   4.2300000000000004E-012  -359248539.13833201     
   4.2399999999999997E-012  -353855236.81172693     
   4.2499999999999999E-012  -354081634.45674920     
   4.2600000000000000E-012  -348314016.70588279     
   4.2700000000000002E-012  -347136655.55726969     
   4.2800000000000003E-012  -348279746.91515124     
   4.2899999999999997E-012  -356237924.11184251     
   4.2999999999999999E-012  -364565896.87612081     
   4.3100000000000000E-012  -367278366.16628808     
   4.3200000000000002E-012  -368673765.33552885     
   4.3300000000000003E-012  -360456939.41783476     
   4.3399999999999997E-012  -352090801.66951025     
   4.3499999999999998E-012  -335100845.01546586     
   4.3600000000000000E-012  -318422066.46408606     
   4.3700000000000002E-012  -296423638.97395533     
   4.3800000000000003E-012  -271975872.55150223     
   4.3899999999999997E-012  -262472096.56144670     
   4.3999999999999998E-012  -243861018.60783821     
   4.4100000000000000E-012  -229884849.49317652     
   4.4200000000000001E-012  -220899176.53037310     
   4.4300000000000003E-012  -219659986.84506351     
   4.4399999999999997E-012  -212450069.74157360     
   4.4499999999999998E-012  -215292706.54212373     
   4.4600000000000000E-012  -216172948.97852498     
   4.4700000000000001E-012  -208151457.29625690     
   4.4800000000000003E-012  -199417151.14799002     
   4.4899999999999996E-012  -184328448.73097101     
   4.4999999999999998E-012  -173021264.39122981     
   4.5100000000000000E-012  -165884939.73255017     
   4.5200000000000001E-012  -172430460.84476271     
   4.5300000000000003E-012  -182062548.73597637     
   4.5399999999999996E-012  -198224208.26652959     
   4.5499999999999998E-012  -218285645.88343206     
   4.5600000000000000E-012  -229738126.37444460     
   4.5700000000000001E-012  -229979185.68847963     
   4.5800000000000003E-012  -226015153.90607768     
   4.5899999999999996E-012  -215887961.73972830     
   4.5999999999999998E-012  -200126557.42278469     
   4.6099999999999999E-012  -177136896.02617386     
   4.6200000000000001E-012  -149608036.58192194     
   4.6300000000000003E-012  -123405261.01184496     
   4.6399999999999996E-012  -113199424.70675679     
   4.6499999999999998E-012  -111779927.23822510     
   4.6599999999999999E-012  -115252983.31272496     
   4.6700000000000001E-012  -131396231.42346388     
   4.6800000000000003E-012  -149586946.48626664     
   4.6899999999999996E-012  -170566040.34044799     
   4.6999999999999998E-012  -198139922.48509026     
   4.7099999999999999E-012  -234123208.68221062     
   4.7200000000000001E-012  -261091133.32582736     
   4.7300000000000002E-012  -287190164.01488441     
   4.7399999999999996E-012  -321961894.41298693     
   4.7499999999999998E-012  -350839228.04695290     
   4.7599999999999999E-012  -362414180.87311566     
   4.7700000000000001E-012  -370273158.62902075     
   4.7800000000000002E-012  -368529843.40219134     
   4.7900000000000004E-012  -354478870.44364661     
   4.7999999999999997E-012  -323854008.52120167     
   4.8099999999999999E-012  -275131052.05941993     
   4.8200000000000001E-012  -219994455.59824061     
   4.8300000000000002E-012  -183273232.97981516     
   4.8400000000000004E-012  -159072749.42269108     
   4.8499999999999997E-012  -124939456.42370205     
   4.8599999999999999E-012  -93016230.217172712     
   4.8700000000000000E-012  -61394087.143334240     
   4.8800000000000002E-012  -23117757.309778705     
   4.8900000000000004E-012   8917487.0672574565     
   4.8999999999999997E-012   39500669.436074249     
   4.9099999999999999E-012   73556751.411274701     
   4.9200000000000000E-012   86104106.817957625     
   4.9300000000000002E-012   105470829.02053367     
   4.9400000000000004E-012   119877300.35807404     
   4.9499999999999997E-012   127647842.48739097     
   4.9599999999999999E-012   133190787.41276516     
   4.9700000000000000E-012   132933792.99531503     
   4.9800000000000002E-012   134311358.88629240     
   4.9900000000000003E-012   139536858.87879753     
