   0.0000000000000000        71940182546.819946     
   1.0000000000000000E-014   68254159082.779137     
   2.0000000000000000E-014   64797108559.893860     
   2.9999999999999998E-014   61530250847.892891     
   4.0000000000000000E-014   58443098770.857887     
   5.0000000000000002E-014   55528465954.176559     
   5.9999999999999997E-014   52768468178.059204     
   7.0000000000000005E-014   50157175344.147392     
   8.0000000000000000E-014   47679406804.986053     
   8.9999999999999995E-014   45329749219.158264     
   1.0000000000000000E-013   43099946285.522766     
   1.1000000000000000E-013   40981804366.534691     
   1.1999999999999999E-013   38973864717.383171     
   1.3000000000000000E-013   37065938499.331177     
   1.4000000000000001E-013   35251285090.262032     
   1.4999999999999999E-013   33529968045.723164     
   1.6000000000000000E-013   31908047871.979515     
   1.7000000000000001E-013   30368240921.452351     
   1.7999999999999999E-013   28903411671.883060     
   1.9000000000000000E-013   27505786330.921150     
   2.0000000000000001E-013   26184950300.267529     
   2.0999999999999999E-013   24926451920.455902     
   2.2000000000000000E-013   23734205561.772873     
   2.2999999999999998E-013   22604229817.012932     
   2.3999999999999999E-013   21525571802.412380     
   2.4999999999999999E-013   20490425711.964199     
   2.6000000000000000E-013   19505319169.602032     
   2.7000000000000001E-013   18558567988.777111     
   2.8000000000000002E-013   17670273056.674164     
   2.8999999999999998E-013   16837819103.123222     
   2.9999999999999998E-013   16055615198.597338     
   3.0999999999999999E-013   15303717121.375772     
   3.2000000000000000E-013   14581594132.200508     
   3.3000000000000001E-013   13909181081.571398     
   3.4000000000000002E-013   13261985221.839094     
   3.5000000000000002E-013   12653212791.048758     
   3.5999999999999998E-013   12066860216.321035     
   3.6999999999999999E-013   11518222785.788616     
   3.8000000000000000E-013   11002883702.889057     
   3.9000000000000000E-013   10506530648.313023     
   4.0000000000000001E-013   10031094714.213747     
   4.1000000000000002E-013   9576601055.7907219     
   4.1999999999999998E-013   9138615324.5839443     
   4.2999999999999999E-013   8730180681.6945839     
   4.3999999999999999E-013   8333891056.4107208     
   4.5000000000000000E-013   7939550972.0766201     
   4.5999999999999996E-013   7562363645.1889601     
   4.7000000000000002E-013   7204363442.2284374     
   4.7999999999999997E-013   6870838992.6175594     
   4.9000000000000003E-013   6564990124.9146538     
   4.9999999999999999E-013   6274630740.1793127     
   5.1000000000000005E-013   5997870852.5475616     
   5.2000000000000001E-013   5739726447.6136513     
   5.2999999999999996E-013   5503866600.8946247     
   5.4000000000000002E-013   5277421335.5680523     
   5.4999999999999998E-013   5064921036.3823318     
   5.6000000000000004E-013   4854102022.7270279     
   5.6999999999999999E-013   4647711401.2859278     
   5.7999999999999995E-013   4454573136.1257801     
   5.9000000000000001E-013   4284307621.9583039     
   5.9999999999999997E-013   4126429136.2558527     
   6.1000000000000003E-013   3974300366.8061914     
   6.1999999999999998E-013   3816314108.8297687     
   6.3000000000000004E-013   3673251201.2427797     
   6.4000000000000000E-013   3547936231.2678900     
   6.4999999999999996E-013   3430357951.4439125     
   6.6000000000000001E-013   3308944324.7440844     
   6.6999999999999997E-013   3197275694.4187732     
   6.8000000000000003E-013   3093088528.3110747     
   6.8999999999999999E-013   2990287923.6714740     
   7.0000000000000005E-013   2902420285.5163045     
   7.1000000000000000E-013   2813435650.7211447     
   7.1999999999999996E-013   2729827602.6887126     
   7.3000000000000002E-013   2655735626.8424549     
   7.3999999999999998E-013   2565952505.1686110     
   7.5000000000000004E-013   2487275637.3566451     
   7.5999999999999999E-013   2407545505.3119140     
   7.6999999999999995E-013   2324212011.3611999     
   7.8000000000000001E-013   2254255276.1564631     
   7.8999999999999997E-013   2186308839.2224274     
   8.0000000000000002E-013   2126069444.2328141     
   8.0999999999999998E-013   2064085098.4188030     
   8.2000000000000004E-013   2007863415.7952161     
   8.3000000000000000E-013   1954959134.4065905     
   8.3999999999999995E-013   1911220248.4128873     
   8.5000000000000001E-013   1872472873.6823285     
   8.5999999999999997E-013   1838335982.6525733     
   8.7000000000000003E-013   1813050713.6659636     
   8.7999999999999999E-013   1782830890.7177794     
   8.9000000000000004E-013   1748801265.6883430     
   9.0000000000000000E-013   1715080255.3406532     
   9.0999999999999996E-013   1675976423.1618679     
   9.1999999999999992E-013   1636616781.9004250     
   9.3000000000000008E-013   1594788174.4730608     
   9.4000000000000003E-013   1555791854.7822280     
   9.4999999999999999E-013   1505997240.2175775     
   9.5999999999999995E-013   1452648453.5201867     
   9.6999999999999991E-013   1398237639.0032887     
   9.8000000000000007E-013   1349300031.7295687     
   9.9000000000000002E-013   1299404638.9738820     
   9.9999999999999998E-013   1242073805.4533761     
   1.0099999999999999E-012   1172945574.5490973     
   1.0200000000000001E-012   1116846809.5080843     
   1.0300000000000001E-012   1058663170.6215259     
   1.0400000000000000E-012   1010681769.2687858     
   1.0500000000000000E-012   963672760.68794286     
   1.0599999999999999E-012   938208576.76554716     
   1.0700000000000001E-012   919905963.73486257     
   1.0800000000000000E-012   902749777.55724120     
   1.0900000000000000E-012   881809884.49884319     
   1.1000000000000000E-012   860736401.40462255     
   1.1099999999999999E-012   843020164.08331692     
   1.1200000000000001E-012   828904036.42824244     
   1.1300000000000000E-012   809627377.90986454     
   1.1400000000000000E-012   782048022.46157610     
   1.1499999999999999E-012   754933866.50701380     
   1.1599999999999999E-012   723578270.92504585     
   1.1700000000000001E-012   696763238.88960600     
   1.1800000000000000E-012   670319136.69611347     
   1.1900000000000000E-012   649764827.77817011     
   1.1999999999999999E-012   635748700.95749128     
   1.2100000000000001E-012   603605145.86600721     
   1.2200000000000001E-012   570495778.94363749     
   1.2300000000000000E-012   554176972.51921368     
   1.2400000000000000E-012   527110948.06131095     
   1.2499999999999999E-012   505899114.26811522     
   1.2600000000000001E-012   499655522.85517371     
   1.2700000000000000E-012   495863101.82098597     
   1.2800000000000000E-012   487973769.62656659     
   1.2900000000000000E-012   497492634.47068506     
   1.2999999999999999E-012   506280182.23198426     
   1.3100000000000001E-012   513456492.46550786     
   1.3200000000000000E-012   516072839.66447818     
   1.3300000000000000E-012   510620690.21922046     
   1.3399999999999999E-012   498844263.64347571     
   1.3499999999999999E-012   486569169.50625777     
   1.3600000000000001E-012   471715938.48710215     
   1.3700000000000000E-012   449122745.55285031     
   1.3800000000000000E-012   429165740.10254073     
   1.3899999999999999E-012   413599041.58678049     
   1.4000000000000001E-012   402176932.01584464     
   1.4100000000000001E-012   386874253.86893493     
   1.4200000000000000E-012   349874740.02710772     
   1.4300000000000000E-012   320801039.33709222     
   1.4399999999999999E-012   289834373.39728206     
   1.4500000000000001E-012   274471536.80228102     
   1.4600000000000000E-012   272933356.26833320     
   1.4700000000000000E-012   272135697.33812082     
   1.4800000000000000E-012   266990327.01543286     
   1.4899999999999999E-012   275309351.84576553     
   1.5000000000000001E-012   275872940.70677865     
   1.5100000000000000E-012   270717325.39781445     
   1.5200000000000000E-012   279405021.37711406     
   1.5299999999999999E-012   289336514.63128090     
   1.5399999999999999E-012   296829638.23197305     
   1.5500000000000001E-012   301157168.93347836     
   1.5600000000000000E-012   302086235.39294261     
   1.5700000000000000E-012   299444809.98704934     
   1.5799999999999999E-012   289198094.36702204     
   1.5900000000000001E-012   277562346.53553337     
   1.6000000000000000E-012   269024747.18155003     
   1.6100000000000000E-012   283455131.24058080     
   1.6200000000000000E-012   316311333.46354491     
   1.6299999999999999E-012   354846104.79774702     
   1.6400000000000001E-012   376362285.44858617     
   1.6500000000000000E-012   401709490.49165910     
   1.6600000000000000E-012   425978353.93996149     
   1.6700000000000000E-012   439224081.98185277     
   1.6799999999999999E-012   451936405.84892476     
   1.6900000000000001E-012   460768881.77602488     
   1.7000000000000000E-012   457846001.45776498     
   1.7100000000000000E-012   447814175.54991859     
   1.7199999999999999E-012   441546978.12566376     
   1.7299999999999999E-012   438796230.86344886     
   1.7400000000000001E-012   444017154.81142372     
   1.7500000000000000E-012   442801869.17055744     
   1.7600000000000000E-012   440813596.09403777     
   1.7699999999999999E-012   436678172.65785426     
   1.7800000000000001E-012   428409764.13018596     
   1.7900000000000000E-012   427729396.84852087     
   1.8000000000000000E-012   421918167.48011851     
   1.8100000000000000E-012   404008508.58680493     
   1.8199999999999999E-012   380090160.86487788     
   1.8300000000000001E-012   350130120.34180897     
   1.8399999999999998E-012   330711001.77201700     
   1.8500000000000000E-012   326296346.46145415     
   1.8600000000000002E-012   303534919.32330787     
   1.8699999999999999E-012   284853520.28879744     
   1.8800000000000001E-012   263721901.39526391     
   1.8899999999999998E-012   247084295.35765550     
   1.9000000000000000E-012   221197741.72710788     
   1.9100000000000001E-012   193209478.62584031     
   1.9199999999999999E-012   178621233.22369266     
   1.9300000000000001E-012   176829743.55041379     
   1.9399999999999998E-012   176277928.12156734     
   1.9500000000000000E-012   192637593.50606406     
   1.9600000000000001E-012   223594406.74662754     
   1.9699999999999999E-012   241720352.50678742     
   1.9800000000000000E-012   277638773.92092752     
   1.9899999999999998E-012   303696150.37474638     
   2.0000000000000000E-012   320727427.91597092     
   2.0100000000000001E-012   336682375.18628711     
   2.0199999999999999E-012   359688535.82985109     
   2.0300000000000000E-012   386244429.57950497     
   2.0400000000000002E-012   397686460.94990134     
   2.0499999999999999E-012   414307503.48586941     
   2.0600000000000001E-012   426133833.87079179     
   2.0699999999999999E-012   419395850.59955883     
   2.0800000000000000E-012   425398667.42739224     
   2.0900000000000002E-012   424198395.34217441     
   2.0999999999999999E-012   420133504.22569209     
   2.1100000000000001E-012   412058105.74851704     
   2.1199999999999999E-012   407403471.44538081     
   2.1300000000000000E-012   409211707.65372056     
   2.1400000000000002E-012   404812744.49226552     
   2.1499999999999999E-012   393898448.49956316     
   2.1600000000000001E-012   381557929.80627120     
   2.1699999999999998E-012   359664425.12998372     
   2.1800000000000000E-012   339625404.34265733     
   2.1900000000000002E-012   323454443.16770422     
   2.1999999999999999E-012   304181014.94674301     
   2.2100000000000001E-012   280180646.44773245     
   2.2199999999999998E-012   263586109.01484865     
   2.2300000000000000E-012   246002860.61124042     
   2.2400000000000001E-012   227313066.89362147     
   2.2499999999999999E-012   203394420.26004356     
   2.2600000000000001E-012   187157358.25659177     
   2.2699999999999998E-012   171327012.02774686     
   2.2800000000000000E-012   159613515.87806907     
   2.2900000000000001E-012   133464639.35795221     
   2.2999999999999999E-012   116949537.54931684     
   2.3100000000000001E-012   97288116.210744724     
   2.3199999999999998E-012   79842527.399524659     
   2.3300000000000000E-012   58891757.129316613     
   2.3400000000000001E-012   34921356.756484911     
   2.3499999999999999E-012   11041102.086489202     
   2.3600000000000000E-012  -19494019.030712157     
   2.3699999999999998E-012  -39647997.647293769     
   2.3800000000000000E-012  -55589439.487387829     
   2.3900000000000001E-012  -66761610.497994192     
   2.3999999999999999E-012  -74726843.293556392     
   2.4100000000000000E-012  -87208497.572775930     
   2.4200000000000002E-012  -92832604.342898831     
   2.4299999999999999E-012  -89706381.505170301     
   2.4400000000000001E-012  -86717113.862143382     
   2.4499999999999999E-012  -89789201.065082043     
   2.4600000000000000E-012  -88758018.095730260     
   2.4700000000000002E-012  -97983830.545788273     
   2.4799999999999999E-012  -113007136.99923447     
   2.4900000000000001E-012  -129016567.97135039     
   2.4999999999999998E-012  -143702122.05460337     
   2.5100000000000000E-012  -148493331.97579452     
   2.5200000000000002E-012  -148402880.07273358     
   2.5299999999999999E-012  -147189371.78649858     
   2.5400000000000001E-012  -140421365.77366048     
   2.5499999999999998E-012  -133790804.45112506     
   2.5600000000000000E-012  -118079110.60006106     
   2.5700000000000002E-012  -104447265.07505924     
   2.5799999999999999E-012  -94664329.722156778     
   2.5900000000000001E-012  -88595618.258344382     
   2.5999999999999998E-012  -68264162.419370487     
   2.6100000000000000E-012  -54277716.134270139     
   2.6200000000000001E-012  -36543853.830286682     
   2.6299999999999999E-012  -13282875.184735378     
   2.6400000000000001E-012   17254674.904742550     
   2.6499999999999998E-012   45812390.328889139     
   2.6600000000000000E-012   70037671.087030694     
   2.6700000000000001E-012   87299426.944527462     
   2.6799999999999999E-012   110363594.64436045     
   2.6900000000000000E-012   136628471.05701974     
   2.6999999999999998E-012   159257889.99217725     
   2.7100000000000000E-012   184513884.28930855     
   2.7200000000000001E-012   199223112.41517943     
   2.7299999999999999E-012   210406197.65854928     
   2.7400000000000000E-012   226102508.03865048     
   2.7500000000000002E-012   238495724.87425053     
   2.7600000000000000E-012   252912583.04686749     
   2.7700000000000001E-012   265219026.14102387     
   2.7799999999999999E-012   273335811.05417913     
   2.7900000000000000E-012   272579085.90343171     
   2.8000000000000002E-012   275237142.20594060     
   2.8099999999999999E-012   284209905.34007925     
   2.8200000000000001E-012   283853625.86474043     
   2.8299999999999999E-012   282581037.24196726     
   2.8400000000000000E-012   282751519.45868349     
   2.8500000000000002E-012   278234964.14935648     
   2.8599999999999999E-012   279632505.83541042     
   2.8700000000000001E-012   291091130.66360837     
   2.8799999999999998E-012   310552519.77584845     
   2.8900000000000000E-012   330852870.87919557     
   2.9000000000000002E-012   344755613.41558063     
   2.9099999999999999E-012   364559374.23245120     
   2.9200000000000001E-012   383538713.74803460     
   2.9299999999999998E-012   398948290.44215113     
   2.9400000000000000E-012   411586454.20438862     
   2.9500000000000002E-012   413968893.23994142     
   2.9599999999999999E-012   418216217.71303612     
   2.9700000000000001E-012   425307130.55585021     
   2.9799999999999998E-012   431123823.65453207     
   2.9900000000000000E-012   432701151.68700808     
   3.0000000000000001E-012   435961595.45963079     
   3.0099999999999999E-012   442010452.06956434     
   3.0200000000000001E-012   445903236.94246352     
   3.0299999999999998E-012   439070128.84451634     
   3.0400000000000000E-012   447056257.81390661     
   3.0500000000000001E-012   445281036.68174613     
   3.0599999999999999E-012   437492372.66092974     
   3.0700000000000000E-012   428930920.38320184     
   3.0799999999999998E-012   418540720.57520866     
   3.0900000000000000E-012   408179773.71423084     
   3.1000000000000001E-012   410613183.44353616     
   3.1099999999999999E-012   419928244.90132493     
   3.1200000000000000E-012   418303163.08818674     
   3.1300000000000002E-012   425205333.47277069     
   3.1399999999999999E-012   433083025.42208403     
   3.1500000000000001E-012   429469650.77302414     
   3.1599999999999999E-012   433491821.97932011     
   3.1700000000000000E-012   428351506.99364734     
   3.1800000000000002E-012   426101630.43529671     
   3.1899999999999999E-012   427848670.15888864     
   3.2000000000000001E-012   420942189.58396608     
   3.2099999999999999E-012   405715465.46664584     
   3.2200000000000000E-012   388115290.49126846     
   3.2300000000000002E-012   374960483.31923187     
   3.2399999999999999E-012   361072979.66708851     
   3.2500000000000001E-012   347590665.96092606     
   3.2599999999999998E-012   338183903.60274535     
   3.2700000000000000E-012   329072783.15057009     
   3.2800000000000002E-012   312591882.78022784     
   3.2899999999999999E-012   300468286.04681444     
   3.3000000000000001E-012   292454334.64061880     
   3.3099999999999998E-012   297979439.27671880     
   3.3200000000000000E-012   303876290.56492639     
   3.3300000000000001E-012   310935297.25104827     
   3.3399999999999999E-012   317420640.26795626     
   3.3500000000000001E-012   319326566.14097267     
   3.3599999999999998E-012   319120304.81838131     
   3.3700000000000000E-012   307525992.36249232     
   3.3800000000000001E-012   299091612.22781193     
   3.3899999999999999E-012   289464080.44669217     
   3.4000000000000001E-012   287533460.29502219     
   3.4099999999999998E-012   281403988.43989617     
   3.4200000000000000E-012   279049915.65415508     
   3.4300000000000001E-012   282776921.20855403     
   3.4399999999999999E-012   281224413.29079401     
   3.4500000000000000E-012   291326014.91801256     
   3.4599999999999998E-012   303574372.67475080     
   3.4700000000000000E-012   309692799.29757112     
   3.4800000000000001E-012   315503931.48450536     
   3.4899999999999999E-012   313667381.33722395     
   3.5000000000000000E-012   307955832.26005828     
   3.5100000000000002E-012   295764726.52641881     
   3.5199999999999999E-012   283848938.72092074     
   3.5300000000000001E-012   281786377.60988516     
   3.5399999999999999E-012   285922725.73424429     
   3.5500000000000000E-012   286169653.25240177     
   3.5600000000000002E-012   273446146.39260900     
   3.5699999999999999E-012   267275782.72213101     
   3.5800000000000001E-012   255513802.02523664     
   3.5899999999999998E-012   242173720.42757955     
   3.6000000000000000E-012   225782775.03375185     
   3.6100000000000002E-012   198411209.32701939     
   3.6199999999999999E-012   166343756.44803891     
   3.6300000000000001E-012   140963951.04625186     
   3.6399999999999998E-012   115013759.70217538     
   3.6500000000000000E-012   99636631.299677804     
   3.6600000000000002E-012   78312715.166204557     
   3.6700000000000003E-012   60408103.707738660     
   3.6799999999999997E-012   56242530.178558841     
   3.6899999999999998E-012   40226371.857875183     
   3.7000000000000000E-012   15647608.236435380     
   3.7100000000000001E-012  -3848675.2509437078     
   3.7200000000000003E-012  -20354218.542879950     
   3.7299999999999997E-012  -30858563.011541303     
   3.7399999999999998E-012  -43684688.401588038     
   3.7500000000000000E-012  -67249461.872241557     
   3.7600000000000001E-012  -92270619.269110098     
   3.7700000000000003E-012  -122623967.02135104     
   3.7799999999999996E-012  -145743033.02611575     
   3.7899999999999998E-012  -166900986.48086920     
   3.8000000000000000E-012  -192843253.92383283     
   3.8100000000000001E-012  -222014055.22579423     
   3.8200000000000003E-012  -243598211.49480850     
   3.8299999999999996E-012  -259836585.66926655     
   3.8399999999999998E-012  -268641529.44505662     
   3.8500000000000000E-012  -288443611.11056578     
   3.8600000000000001E-012  -298190681.62298018     
   3.8700000000000003E-012  -314929381.43478930     
   3.8799999999999996E-012  -332250676.42813063     
   3.8899999999999998E-012  -350393614.60281914     
   3.8999999999999999E-012  -362237510.53563821     
   3.9100000000000001E-012  -381308820.18081069     
   3.9200000000000003E-012  -396666856.56756753     
   3.9299999999999996E-012  -397422721.90625793     
   3.9399999999999998E-012  -383166839.85291785     
   3.9499999999999999E-012  -373871701.80567414     
   3.9600000000000001E-012  -370654468.83355725     
   3.9700000000000002E-012  -370330295.37269151     
   3.9799999999999996E-012  -354544677.18009496     
   3.9899999999999998E-012  -334549738.40329635     
   3.9999999999999999E-012  -308679309.84756148     
   4.0100000000000001E-012  -293450565.82775605     
   4.0200000000000002E-012  -265059367.73563811     
   4.0300000000000004E-012  -246259945.86416718     
   4.0399999999999997E-012  -218577848.57700291     
   4.0499999999999999E-012  -177832462.84333658     
   4.0600000000000001E-012  -146102164.90198040     
   4.0700000000000002E-012  -99516878.234394595     
   4.0800000000000004E-012  -58941122.169812195     
   4.0899999999999997E-012  -28384468.465145253     
   4.0999999999999999E-012  -4388627.4407137819     
   4.1100000000000001E-012   18875276.673919201     
   4.1200000000000002E-012   44492166.467649750     
   4.1300000000000004E-012   75865547.202252626     
   4.1399999999999997E-012   106213439.40192996     
   4.1499999999999999E-012   128083545.21866336     
   4.1600000000000000E-012   141217369.53713128     
   4.1700000000000002E-012   147136670.00945368     
   4.1800000000000004E-012   147140396.14972365     
   4.1899999999999997E-012   152994746.38448822     
   4.1999999999999999E-012   162391305.84082511     
   4.2100000000000000E-012   176230398.58748350     
   4.2200000000000002E-012   180639116.58640710     
   4.2300000000000004E-012   173437256.70875737     
   4.2399999999999997E-012   173057876.06777090     
   4.2499999999999999E-012   175042041.53822201     
   4.2600000000000000E-012   180525407.65523574     
   4.2700000000000002E-012   179566612.33213857     
   4.2800000000000003E-012   187178343.99868193     
   4.2899999999999997E-012   194826112.77461243     
   4.2999999999999999E-012   188182107.72018647     
   4.3100000000000000E-012   172115141.63201901     
   4.3200000000000002E-012   161362618.92676836     
   4.3300000000000003E-012   150476010.17303157     
   4.3399999999999997E-012   139546964.70924464     
   4.3499999999999998E-012   148985787.68908072     
   4.3600000000000000E-012   147316858.09211314     
   4.3700000000000002E-012   150534687.37377807     
   4.3800000000000003E-012   155976953.98913336     
   4.3899999999999997E-012   162505421.33714417     
   4.3999999999999998E-012   167316180.95544219     
   4.4100000000000000E-012   166280851.68775281     
   4.4200000000000001E-012   164727224.79911771     
   4.4300000000000003E-012   156082215.57510033     
   4.4399999999999997E-012   140080152.27507439     
   4.4499999999999998E-012   129898346.78692824     
   4.4600000000000000E-012   117695026.97662683     
   4.4700000000000001E-012   105438190.69808789     
   4.4800000000000003E-012   113668689.75663932     
   4.4899999999999996E-012   127962808.87530811     
   4.4999999999999998E-012   142826074.89281896     
   4.5100000000000000E-012   159428451.21144977     
   4.5200000000000001E-012   180419164.13562739     
   4.5300000000000003E-012   201749967.79376522     
   4.5399999999999996E-012   207171533.26208836     
   4.5499999999999998E-012   210246947.61869082     
   4.5600000000000000E-012   214944941.60311028     
   4.5700000000000001E-012   219692157.28892109     
   4.5800000000000003E-012   213411442.75203535     
   4.5899999999999996E-012   207834967.48068595     
   4.5999999999999998E-012   210325783.67598835     
   4.6099999999999999E-012   203903594.20822957     
   4.6200000000000001E-012   207016080.63508174     
   4.6300000000000003E-012   204441869.99760702     
   4.6399999999999996E-012   200755073.13872325     
   4.6499999999999998E-012   204618535.83382589     
   4.6599999999999999E-012   194934316.56571057     
   4.6700000000000001E-012   192253460.37349933     
   4.6800000000000003E-012   193667144.66011527     
   4.6899999999999996E-012   197150773.37816459     
   4.6999999999999998E-012   186211879.89059028     
   4.7099999999999999E-012   168991329.54491442     
   4.7200000000000001E-012   144801290.33470729     
   4.7300000000000002E-012   128522603.03884771     
   4.7399999999999996E-012   101581346.90280765     
   4.7499999999999998E-012   73892463.683558002     
   4.7599999999999999E-012   58785960.926948801     
   4.7700000000000001E-012   48652478.598218113     
   4.7800000000000002E-012   40476952.081099845     
   4.7900000000000004E-012   14168759.532055367     
   4.7999999999999997E-012  -9171469.7072368748     
   4.8099999999999999E-012  -33762618.658710629     
   4.8200000000000001E-012  -51381420.214048043     
   4.8300000000000002E-012  -74857307.109843999     
   4.8400000000000004E-012  -97566774.680848524     
   4.8499999999999997E-012  -120072305.33634740     
   4.8599999999999999E-012  -134761048.37592134     
   4.8700000000000000E-012  -153954609.14929774     
   4.8800000000000002E-012  -177379592.42487964     
   4.8900000000000004E-012  -205424703.72748676     
   4.8999999999999997E-012  -241793715.34736317     
   4.9099999999999999E-012  -271461730.88113439     
   4.9200000000000000E-012  -300696706.45745510     
   4.9300000000000002E-012  -331953344.60177737     
   4.9400000000000004E-012  -359842037.09713697     
   4.9499999999999997E-012  -385387183.53713107     
   4.9599999999999999E-012  -407726399.10317224     
   4.9700000000000000E-012  -434178608.89876252     
   4.9800000000000002E-012  -446520272.88272285     
   4.9900000000000003E-012  -458545997.44866991     
