   0.0000000000000000        140983129808.64584     
   1.0000000000000000E-014   128622354236.47401     
   2.0000000000000000E-014   117765053430.20345     
   2.9999999999999998E-014   108097194615.30920     
   4.0000000000000000E-014   99428604894.252090     
   5.0000000000000002E-014   91612068758.759811     
   5.9999999999999997E-014   84453509185.380386     
   7.0000000000000005E-014   77886899385.287689     
   8.0000000000000000E-014   71815786495.129929     
   8.9999999999999995E-014   66214553485.891663     
   1.0000000000000000E-013   60993402266.317818     
   1.1000000000000000E-013   56117453554.355881     
   1.1999999999999999E-013   51545999588.203232     
   1.3000000000000000E-013   47277412324.363144     
   1.4000000000000001E-013   43258105361.230148     
   1.4999999999999999E-013   39484462207.712349     
   1.6000000000000000E-013   35965335098.156998     
   1.7000000000000001E-013   32708492327.944923     
   1.7999999999999999E-013   29677033983.192806     
   1.9000000000000000E-013   26840776985.763573     
   2.0000000000000001E-013   24207973992.172600     
   2.0999999999999999E-013   21757607015.274429     
   2.2000000000000000E-013   19429093429.817570     
   2.2999999999999998E-013   17167448979.991726     
   2.3999999999999999E-013   15072978883.848608     
   2.4999999999999999E-013   13104711543.277956     
   2.6000000000000000E-013   11250139630.702948     
   2.7000000000000001E-013   9471134376.5016327     
   2.8000000000000002E-013   7807563707.3432188     
   2.8999999999999998E-013   6282910116.1214104     
   2.9999999999999998E-013   4865990826.5512056     
   3.0999999999999999E-013   3503790156.9528880     
   3.2000000000000000E-013   2205219776.2812500     
   3.3000000000000001E-013   1005582007.7788301     
   3.4000000000000002E-013  -92336388.406337678     
   3.5000000000000002E-013  -1097753148.2485387     
   3.5999999999999998E-013  -2058818226.6733372     
   3.6999999999999999E-013  -2967694842.2319384     
   3.8000000000000000E-013  -3819675124.4129820     
   3.9000000000000000E-013  -4647922109.4649696     
   4.0000000000000001E-013  -5415288270.3752956     
   4.1000000000000002E-013  -6101763744.9883385     
   4.1999999999999998E-013  -6752020134.5165071     
   4.2999999999999999E-013  -7338164595.9525652     
   4.3999999999999999E-013  -7880737966.4051313     
   4.5000000000000000E-013  -8421822361.6162844     
   4.5999999999999996E-013  -8884736068.3897324     
   4.7000000000000002E-013  -9271880812.6908035     
   4.7999999999999997E-013  -9624840297.5269146     
   4.9000000000000003E-013  -9937442389.6007423     
   4.9999999999999999E-013  -10237035129.930792     
   5.1000000000000005E-013  -10520553144.413557     
   5.2000000000000001E-013  -10811354997.519081     
   5.2999999999999996E-013  -11049080571.305588     
   5.4000000000000002E-013  -11259094268.023148     
   5.4999999999999998E-013  -11436984888.779230     
   5.6000000000000004E-013  -11584635489.729309     
   5.6999999999999999E-013  -11697958268.921919     
   5.7999999999999995E-013  -11807448282.304369     
   5.9000000000000001E-013  -11890036054.018167     
   5.9999999999999997E-013  -11934937884.051384     
   6.1000000000000003E-013  -11945199046.589544     
   6.1999999999999998E-013  -11945528677.398470     
   6.3000000000000004E-013  -11911624428.618917     
   6.4000000000000000E-013  -11857652164.531246     
   6.4999999999999996E-013  -11772555870.747305     
   6.6000000000000001E-013  -11675340798.037308     
   6.6999999999999997E-013  -11551624937.426085     
   6.8000000000000003E-013  -11444671115.201067     
   6.8999999999999999E-013  -11348755422.959026     
   7.0000000000000005E-013  -11231191708.777000     
   7.1000000000000000E-013  -11092428695.340494     
   7.1999999999999996E-013  -10944481712.919771     
   7.3000000000000002E-013  -10806952957.291365     
   7.3999999999999998E-013  -10674962452.611698     
   7.5000000000000004E-013  -10550422646.326429     
   7.5999999999999999E-013  -10409032356.205738     
   7.6999999999999995E-013  -10274796816.703213     
   7.8000000000000001E-013  -10095268497.902489     
   7.8999999999999997E-013  -9920205016.7417221     
   8.0000000000000002E-013  -9731027826.4390526     
   8.0999999999999998E-013  -9561784397.4857960     
   8.2000000000000004E-013  -9375841413.0554161     
   8.3000000000000000E-013  -9190867828.6482277     
   8.3999999999999995E-013  -9019961717.8670425     
   8.5000000000000001E-013  -8849216688.6162834     
   8.5999999999999997E-013  -8681108247.8380051     
   8.7000000000000003E-013  -8575074650.9742937     
   8.7999999999999999E-013  -8459355231.5825844     
   8.9000000000000004E-013  -8329935370.5046902     
   9.0000000000000000E-013  -8154335140.3812523     
   9.0999999999999996E-013  -7965420361.1880560     
   9.1999999999999992E-013  -7767926717.8112431     
   9.3000000000000008E-013  -7555852888.5030499     
   9.4000000000000003E-013  -7349911678.6155796     
   9.4999999999999999E-013  -7167363677.2644339     
   9.5999999999999995E-013  -6980797870.5914764     
   9.6999999999999991E-013  -6765347803.4846401     
   9.8000000000000007E-013  -6586875368.0811548     
   9.9000000000000002E-013  -6423850149.9925823     
   9.9999999999999998E-013  -6299253460.7468376     
   1.0099999999999999E-012  -6159993647.1830177     
   1.0200000000000001E-012  -6017981555.7678299     
   1.0300000000000001E-012  -5871162229.4083061     
   1.0400000000000000E-012  -5683772684.4994211     
   1.0500000000000000E-012  -5508768915.9380589     
   1.0599999999999999E-012  -5369079852.4258337     
   1.0700000000000001E-012  -5245220043.3206911     
   1.0800000000000000E-012  -5125819146.9133711     
   1.0900000000000000E-012  -5018415932.8091993     
   1.1000000000000000E-012  -4908064233.1160736     
   1.1099999999999999E-012  -4807953950.2952414     
   1.1200000000000001E-012  -4702177911.7269192     
   1.1300000000000000E-012  -4608207104.5500240     
   1.1400000000000000E-012  -4501080649.4289627     
   1.1499999999999999E-012  -4392058568.7562790     
   1.1599999999999999E-012  -4231818346.5343566     
   1.1700000000000001E-012  -4076302869.4683485     
   1.1800000000000000E-012  -3876745125.5468473     
   1.1900000000000000E-012  -3755450765.6085434     
   1.1999999999999999E-012  -3655351429.5366349     
   1.2100000000000001E-012  -3599727906.8309836     
   1.2200000000000001E-012  -3538637572.3958135     
   1.2300000000000000E-012  -3486563721.9237494     
   1.2400000000000000E-012  -3428220121.1510015     
   1.2499999999999999E-012  -3397654408.9695511     
   1.2600000000000001E-012  -3332286128.3888249     
   1.2700000000000000E-012  -3315172423.6345172     
   1.2800000000000000E-012  -3258842644.1810107     
   1.2900000000000000E-012  -3178883885.2756753     
   1.2999999999999999E-012  -3125796322.0905313     
   1.3100000000000001E-012  -3066872138.0604048     
   1.3200000000000000E-012  -3021696583.1277018     
   1.3300000000000000E-012  -2979836268.3243394     
   1.3399999999999999E-012  -2941438432.8644018     
   1.3499999999999999E-012  -2957108802.8040042     
   1.3600000000000001E-012  -2955387064.2766700     
   1.3700000000000000E-012  -2938160808.9728112     
   1.3800000000000000E-012  -2972381048.9343095     
   1.3899999999999999E-012  -2984261124.0984831     
   1.4000000000000001E-012  -3019408985.4199681     
   1.4100000000000001E-012  -3019322367.4100637     
   1.4200000000000000E-012  -3000748898.4597983     
   1.4300000000000000E-012  -2987646123.0514984     
   1.4399999999999999E-012  -2973804306.4910121     
   1.4500000000000001E-012  -2957829552.6510372     
   1.4600000000000000E-012  -2915895380.8670745     
   1.4700000000000000E-012  -2880690015.4869494     
   1.4800000000000000E-012  -2874271689.2008348     
   1.4899999999999999E-012  -2864166771.0498276     
   1.5000000000000001E-012  -2843010220.7606483     
   1.5100000000000000E-012  -2876579551.6373243     
   1.5200000000000000E-012  -2900104991.7638836     
   1.5299999999999999E-012  -2926796464.5621791     
   1.5399999999999999E-012  -2956322727.6257071     
   1.5500000000000001E-012  -3008477714.7471581     
   1.5600000000000000E-012  -2991782902.4775405     
   1.5700000000000000E-012  -2956131023.8779202     
   1.5799999999999999E-012  -2907861268.0957141     
   1.5900000000000001E-012  -2832989608.6090980     
   1.6000000000000000E-012  -2740627391.5651374     
   1.6100000000000000E-012  -2656542628.1637874     
   1.6200000000000000E-012  -2567958865.6135287     
   1.6299999999999999E-012  -2475188434.8181500     
   1.6400000000000001E-012  -2383770571.2825832     
   1.6500000000000000E-012  -2302727529.2590947     
   1.6600000000000000E-012  -2209338801.6843596     
   1.6700000000000000E-012  -2133183838.6899080     
   1.6799999999999999E-012  -2089310360.2823598     
   1.6900000000000001E-012  -2067367091.5999243     
   1.7000000000000000E-012  -2037343408.0733466     
   1.7100000000000000E-012  -1996475728.3856566     
   1.7199999999999999E-012  -2018911756.7265608     
   1.7299999999999999E-012  -2034202384.5340221     
   1.7400000000000001E-012  -2039513758.1984363     
   1.7500000000000000E-012  -2050583546.9842081     
   1.7600000000000000E-012  -2063157075.4409318     
   1.7699999999999999E-012  -2065783044.4781938     
   1.7800000000000001E-012  -2040595061.5642889     
   1.7900000000000000E-012  -2001138791.9942236     
   1.8000000000000000E-012  -1998613368.1197295     
   1.8100000000000000E-012  -1978734781.0772274     
   1.8199999999999999E-012  -1953586850.2731822     
   1.8300000000000001E-012  -1946454461.0564711     
   1.8399999999999998E-012  -1926673235.2909052     
   1.8500000000000000E-012  -1910261720.3410397     
   1.8600000000000002E-012  -1862147240.7808325     
   1.8699999999999999E-012  -1789966329.2732167     
   1.8800000000000001E-012  -1729909658.1569393     
   1.8899999999999998E-012  -1647454590.9710705     
   1.9000000000000000E-012  -1610265130.4956264     
   1.9100000000000001E-012  -1573146773.9222109     
   1.9199999999999999E-012  -1523830617.8449855     
   1.9300000000000001E-012  -1489577376.7282774     
   1.9399999999999998E-012  -1461709132.7245896     
   1.9500000000000000E-012  -1371963288.4220223     
   1.9600000000000001E-012  -1340296551.7047844     
   1.9699999999999999E-012  -1272663174.7254362     
   1.9800000000000000E-012  -1201828595.4996700     
   1.9899999999999998E-012  -1150934904.9464827     
   2.0000000000000000E-012  -1153473037.8948095     
   2.0100000000000001E-012  -1138511336.4790325     
   2.0199999999999999E-012  -1154580904.2676053     
   2.0300000000000000E-012  -1123360777.0530052     
   2.0400000000000002E-012  -1094301498.1770129     
   2.0499999999999999E-012  -1030747898.7868462     
   2.0600000000000001E-012  -996375180.60312104     
   2.0699999999999999E-012  -936138246.94769621     
   2.0800000000000000E-012  -856093896.24579763     
   2.0900000000000002E-012  -815247795.79116797     
   2.0999999999999999E-012  -768017546.07437062     
   2.1100000000000001E-012  -724191770.08379185     
   2.1199999999999999E-012  -703881609.59933794     
   2.1300000000000000E-012  -714888085.78852510     
   2.1400000000000002E-012  -680980385.41947567     
   2.1499999999999999E-012  -664840502.54201829     
   2.1600000000000001E-012  -636926631.74787545     
   2.1699999999999998E-012  -534566196.48635322     
   2.1800000000000000E-012  -456788488.37990844     
   2.1900000000000002E-012  -436372121.35908675     
   2.1999999999999999E-012  -401741228.81541479     
   2.2100000000000001E-012  -372897362.24131542     
   2.2199999999999998E-012  -375474258.10502332     
   2.2300000000000000E-012  -347630778.64356095     
   2.2400000000000001E-012  -287460400.76617795     
   2.2499999999999999E-012  -193073635.22446305     
   2.2600000000000001E-012  -134934730.91312844     
   2.2699999999999998E-012  -55377139.160421655     
   2.2800000000000000E-012  -11828039.949726859     
   2.2900000000000001E-012   22117916.087861456     
   2.2999999999999999E-012   72595898.129649743     
   2.3100000000000001E-012   114135396.15447018     
   2.3199999999999998E-012   165090094.13801426     
   2.3300000000000000E-012   185881832.24215195     
   2.3400000000000001E-012   195228660.99828497     
   2.3499999999999999E-012   220626081.93221432     
   2.3600000000000000E-012   220246454.81476456     
   2.3699999999999998E-012   225369128.05865914     
   2.3800000000000000E-012   258712314.21458119     
   2.3900000000000001E-012   301588497.63383949     
   2.3999999999999999E-012   337019277.70191956     
   2.4100000000000000E-012   373167238.17338145     
   2.4200000000000002E-012   436069611.55649179     
   2.4299999999999999E-012   427745629.47553843     
   2.4400000000000001E-012   417314925.36188245     
   2.4499999999999999E-012   370501277.59084356     
   2.4600000000000000E-012   316939645.36970311     
   2.4700000000000002E-012   258021911.80063263     
   2.4799999999999999E-012   198920127.43848833     
   2.4900000000000001E-012   149543266.54475531     
   2.4999999999999998E-012   88455389.564822569     
   2.5100000000000000E-012   10833798.308920274     
   2.5200000000000002E-012  -26547498.083712224     
   2.5299999999999999E-012  -50969241.057161003     
   2.5400000000000001E-012  -54388454.071592584     
   2.5499999999999998E-012  -28762154.444699626     
   2.5600000000000000E-012  -33688685.117842264     
   2.5700000000000002E-012  -48502298.184288606     
   2.5799999999999999E-012  -80907811.177759573     
   2.5900000000000001E-012  -126413476.82690050     
   2.5999999999999998E-012  -158032832.06661886     
   2.6100000000000000E-012  -188957007.77026579     
   2.6200000000000001E-012  -246418509.56357634     
   2.6299999999999999E-012  -264405222.12020320     
   2.6400000000000001E-012  -276925539.52598697     
   2.6499999999999998E-012  -268366287.09939116     
   2.6600000000000000E-012  -252305595.13177931     
   2.6700000000000001E-012  -235299882.68624654     
   2.6799999999999999E-012  -236455922.31970912     
   2.6900000000000000E-012  -292806978.67209744     
   2.6999999999999998E-012  -357441453.70001799     
   2.7100000000000000E-012  -425768829.57243776     
   2.7200000000000001E-012  -453039906.57755345     
   2.7299999999999999E-012  -444776845.53010654     
   2.7400000000000000E-012  -467606158.68177915     
   2.7500000000000002E-012  -471893842.66146928     
   2.7600000000000000E-012  -487085981.51526868     
   2.7700000000000001E-012  -466801098.45538968     
   2.7799999999999999E-012  -431167550.24968761     
   2.7900000000000000E-012  -426964123.17699045     
   2.8000000000000002E-012  -438769713.81388915     
   2.8099999999999999E-012  -417266173.00355268     
   2.8200000000000001E-012  -400973336.37028921     
   2.8299999999999999E-012  -406800173.48297101     
   2.8400000000000000E-012  -369635697.28491354     
   2.8500000000000002E-012  -377452061.35640806     
   2.8599999999999999E-012  -372963028.06368130     
   2.8700000000000001E-012  -352937641.55607021     
   2.8799999999999998E-012  -333277787.14374119     
   2.8900000000000000E-012  -287570399.46388125     
   2.9000000000000002E-012  -246171154.32821295     
   2.9099999999999999E-012  -164411940.54063091     
   2.9200000000000001E-012  -157350291.21846730     
   2.9299999999999998E-012  -142969093.47389939     
   2.9400000000000000E-012  -125440757.34056203     
   2.9500000000000002E-012  -93104185.297325373     
   2.9599999999999999E-012  -53348540.380783938     
   2.9700000000000001E-012  -14201071.742263021     
   2.9799999999999998E-012   25262263.334043246     
   2.9900000000000000E-012   23491764.127074946     
   3.0000000000000001E-012   9625489.2654095422     
   3.0099999999999999E-012  -42898371.632891551     
   3.0200000000000001E-012  -42050652.114616454     
   3.0299999999999998E-012  -22741620.055067472     
   3.0400000000000000E-012  -13099700.918521039     
   3.0500000000000001E-012  -5070757.9975642813     
   3.0599999999999999E-012   72493209.296237752     
   3.0700000000000000E-012   169197177.67888457     
   3.0799999999999998E-012   261721773.28155816     
   3.0900000000000000E-012   361054380.80917788     
   3.1000000000000001E-012   413287324.85815942     
   3.1099999999999999E-012   443614768.94304514     
   3.1200000000000000E-012   436269600.14210683     
   3.1300000000000002E-012   434766513.16904169     
   3.1399999999999999E-012   419083540.61714703     
   3.1500000000000001E-012   395492506.76619077     
   3.1599999999999999E-012   364409036.74391741     
   3.1700000000000000E-012   330171897.98216403     
   3.1800000000000002E-012   337478551.50814873     
   3.1899999999999999E-012   314114451.12945157     
   3.2000000000000001E-012   302206372.18312663     
   3.2099999999999999E-012   291350218.13640964     
   3.2200000000000000E-012   288026519.74456692     
   3.2300000000000002E-012   293261123.56828696     
   3.2399999999999999E-012   320834751.18374127     
   3.2500000000000001E-012   351956470.07321352     
   3.2599999999999998E-012   388775519.46857035     
   3.2700000000000000E-012   412189443.22521979     
   3.2800000000000002E-012   413784102.89481187     
   3.2899999999999999E-012   379641102.10932553     
   3.3000000000000001E-012   342382242.94094694     
   3.3099999999999998E-012   290884822.25508887     
   3.3200000000000000E-012   233131200.64811176     
   3.3300000000000001E-012   197157797.95201379     
   3.3399999999999999E-012   173337363.94370657     
   3.3500000000000001E-012   154249872.95615953     
   3.3599999999999998E-012   141276865.02837545     
   3.3700000000000000E-012   157468743.15811506     
   3.3800000000000001E-012   179385418.26258805     
   3.3899999999999999E-012   225035315.14527178     
   3.4000000000000001E-012   258601127.79500550     
   3.4099999999999998E-012   281732744.61447990     
   3.4200000000000000E-012   280756736.37457329     
   3.4300000000000001E-012   286788119.89285970     
   3.4399999999999999E-012   306514653.68161905     
   3.4500000000000000E-012   340665143.03274268     
   3.4599999999999998E-012   371823442.80064750     
   3.4700000000000000E-012   403272678.64983785     
   3.4800000000000001E-012   444152242.80459231     
   3.4899999999999999E-012   465529552.59524286     
   3.5000000000000000E-012   476533578.21319741     
   3.5100000000000002E-012   470973185.68832636     
   3.5199999999999999E-012   485130495.97215563     
   3.5300000000000001E-012   515121379.95343214     
   3.5399999999999999E-012   540773030.10058272     
   3.5500000000000000E-012   531748107.17513323     
   3.5600000000000002E-012   539726328.02489519     
   3.5699999999999999E-012   558540152.35651755     
   3.5800000000000001E-012   576555489.38727939     
   3.5899999999999998E-012   585657705.30836499     
   3.6000000000000000E-012   595420089.35608983     
   3.6100000000000002E-012   535142172.86356902     
   3.6199999999999999E-012   481807684.44676489     
   3.6300000000000001E-012   422762023.81367481     
   3.6399999999999998E-012   398009084.06136322     
   3.6500000000000000E-012   356209788.51078647     
   3.6600000000000002E-012   342294615.05477852     
   3.6700000000000003E-012   302479443.28722817     
   3.6799999999999997E-012   241195760.52426600     
   3.6899999999999998E-012   213819307.24667430     
   3.7000000000000000E-012   164718940.07218009     
   3.7100000000000001E-012   109968128.46573655     
   3.7200000000000003E-012   66153887.144943118     
   3.7299999999999997E-012   25269312.927034028     
   3.7399999999999998E-012  -14865218.787938068     
   3.7500000000000000E-012  -17193833.889358874     
   3.7600000000000001E-012  -32131421.099594794     
   3.7700000000000003E-012  -9453476.7125872448     
   3.7799999999999996E-012   17129985.637486201     
   3.7899999999999998E-012   59391670.606561102     
   3.8000000000000000E-012   88167589.282578841     
   3.8100000000000001E-012   109504480.69460991     
   3.8200000000000003E-012   125322303.23545693     
   3.8299999999999996E-012   134870896.70266384     
   3.8399999999999998E-012   136194644.67840409     
   3.8500000000000000E-012   77463049.281327322     
   3.8600000000000001E-012   29854565.893323764     
   3.8700000000000003E-012  -28714276.569828857     
   3.8799999999999996E-012  -98557577.195136324     
   3.8899999999999998E-012  -127155526.81176177     
   3.8999999999999999E-012  -103665038.55827853     
   3.9100000000000001E-012  -105550823.63156296     
   3.9200000000000003E-012  -114737233.59887929     
   3.9299999999999996E-012  -109079570.61787136     
   3.9399999999999998E-012  -144211023.87825492     
   3.9499999999999999E-012  -132290566.15733188     
   3.9600000000000001E-012  -109573677.00028819     
   3.9700000000000002E-012  -79163313.746164903     
   3.9799999999999996E-012  -70987937.174629733     
   3.9899999999999998E-012  -57269405.964846715     
   3.9999999999999999E-012  -80547757.571538016     
   4.0100000000000001E-012  -122823660.35850605     
   4.0200000000000002E-012  -127580044.33496891     
   4.0300000000000004E-012  -151016438.72176594     
   4.0399999999999997E-012  -145621268.58875471     
   4.0499999999999999E-012  -166784244.83506009     
   4.0600000000000001E-012  -184318358.17813003     
   4.0700000000000002E-012  -254954840.37625340     
   4.0800000000000004E-012  -309401392.84502876     
   4.0899999999999997E-012  -342590732.08117992     
   4.0999999999999999E-012  -343643361.74004894     
   4.1100000000000001E-012  -312223991.49212593     
   4.1200000000000002E-012  -270836256.08677942     
   4.1300000000000004E-012  -243023224.59983206     
   4.1399999999999997E-012  -190756905.40855050     
   4.1499999999999999E-012  -142040649.51516667     
   4.1600000000000000E-012  -92663685.151122853     
   4.1700000000000002E-012  -31496327.001452472     
   4.1800000000000004E-012  -14402811.229485985     
   4.1899999999999997E-012   9177942.2957468498     
   4.1999999999999999E-012   51381056.588015758     
   4.2100000000000000E-012   67054792.720578022     
   4.2200000000000002E-012   88191059.743260175     
   4.2300000000000004E-012   99917819.497474462     
   4.2399999999999997E-012   93059511.671033248     
   4.2499999999999999E-012   136170827.65268192     
   4.2600000000000000E-012   204009721.12136304     
   4.2700000000000002E-012   259447795.91488910     
   4.2800000000000003E-012   292906383.48282701     
   4.2899999999999997E-012   267746527.07128677     
   4.2999999999999999E-012   243639642.22003973     
   4.3100000000000000E-012   237152259.76183307     
   4.3200000000000002E-012   233279075.58019945     
   4.3300000000000003E-012   294046331.93180734     
   4.3399999999999997E-012   351542368.50893635     
   4.3499999999999998E-012   392269788.34593183     
   4.3600000000000000E-012   450334674.66245288     
   4.3700000000000002E-012   499940861.45824265     
   4.3800000000000003E-012   524361926.62733752     
   4.3899999999999997E-012   552712845.49113965     
   4.3999999999999998E-012   574598108.34929788     
   4.4100000000000000E-012   565943344.84369135     
   4.4200000000000001E-012   579011741.52113914     
   4.4300000000000003E-012   565179003.30787718     
   4.4399999999999997E-012   558876259.40084267     
   4.4499999999999998E-012   607318562.99578810     
   4.4600000000000000E-012   656595005.72169840     
   4.4700000000000001E-012   669134995.81257284     
   4.4800000000000003E-012   705063762.10707235     
   4.4899999999999996E-012   727932021.58484471     
   4.4999999999999998E-012   734508412.53802264     
   4.5100000000000000E-012   779805452.27164316     
   4.5200000000000001E-012   839916874.53135192     
   4.5300000000000003E-012   873176144.95687604     
   4.5399999999999996E-012   891531671.83738244     
   4.5499999999999998E-012   921880608.71485817     
   4.5600000000000000E-012   970634373.52541530     
   4.5700000000000001E-012   1001053287.4269968     
   4.5800000000000003E-012   1025783939.5338577     
   4.5899999999999996E-012   1042702999.6152751     
   4.5999999999999998E-012   1042915925.8531964     
   4.6099999999999999E-012   1027108385.4553260     
   4.6200000000000001E-012   994232791.21310198     
   4.6300000000000003E-012   980540323.76838207     
   4.6399999999999996E-012   974617742.89511049     
   4.6499999999999998E-012   1024821441.1964875     
   4.6599999999999999E-012   1068700925.4975641     
   4.6700000000000001E-012   1106431744.4991090     
   4.6800000000000003E-012   1136881944.9867182     
   4.6899999999999996E-012   1170358219.6537406     
   4.6999999999999998E-012   1218772999.0059144     
   4.7099999999999999E-012   1254649377.9997370     
   4.7200000000000001E-012   1282447879.5100896     
   4.7300000000000002E-012   1301016865.8896370     
   4.7399999999999996E-012   1321771632.0049036     
   4.7499999999999998E-012   1322543285.1096294     
   4.7599999999999999E-012   1270721134.4956989     
   4.7700000000000001E-012   1265984241.9358811     
   4.7800000000000002E-012   1243885359.1460481     
   4.7900000000000004E-012   1279791770.3459148     
   4.7999999999999997E-012   1263724699.5571122     
   4.8099999999999999E-012   1229467100.1732147     
   4.8200000000000001E-012   1219829478.5056498     
   4.8300000000000002E-012   1212644311.8442187     
   4.8400000000000004E-012   1201055772.7130227     
   4.8499999999999997E-012   1214745908.8150563     
   4.8599999999999999E-012   1196643639.2234795     
   4.8700000000000000E-012   1181139137.4130099     
   4.8800000000000002E-012   1187560878.5972631     
   4.8900000000000004E-012   1163534172.6102059     
   4.8999999999999997E-012   1137946901.8656332     
   4.9099999999999999E-012   1095945394.3287990     
   4.9200000000000000E-012   1084907134.3418450     
   4.9300000000000002E-012   1093901727.1014781     
   4.9400000000000004E-012   1111913158.4961936     
   4.9499999999999997E-012   1118241714.8244147     
   4.9599999999999999E-012   1117633149.3005440     
   4.9700000000000000E-012   1105978394.4493520     
   4.9800000000000002E-012   1066487620.7786828     
   4.9900000000000003E-012   1035927422.6566331     
