   0.0000000000000000        65466806275.652321     
   1.0000000000000000E-014   62831890045.661766     
   2.0000000000000000E-014   60311011041.692604     
   2.9999999999999998E-014   57905123299.142822     
   4.0000000000000000E-014   55622775859.927818     
   5.0000000000000002E-014   53446536312.016197     
   5.9999999999999997E-014   51358936227.306824     
   7.0000000000000005E-014   49368173662.285881     
   8.0000000000000000E-014   47463550644.198334     
   8.9999999999999995E-014   45648852410.446030     
   1.0000000000000000E-013   43911362997.632690     
   1.1000000000000000E-013   42240369025.619766     
   1.1999999999999999E-013   40631824751.581245     
   1.3000000000000000E-013   39096157875.134918     
   1.4000000000000001E-013   37636740779.865685     
   1.4999999999999999E-013   36242931138.195160     
   1.6000000000000000E-013   34907137610.798767     
   1.7000000000000001E-013   33642178220.752903     
   1.7999999999999999E-013   32425299267.452557     
   1.9000000000000000E-013   31255042567.274895     
   2.0000000000000001E-013   30126801633.813148     
   2.0999999999999999E-013   29041405783.653095     
   2.2000000000000000E-013   27994081270.636108     
   2.2999999999999998E-013   26988932738.229488     
   2.3999999999999999E-013   26013558481.707409     
   2.4999999999999999E-013   25070424574.934845     
   2.6000000000000000E-013   24176793483.942787     
   2.7000000000000001E-013   23326756377.755375     
   2.8000000000000002E-013   22517080651.758415     
   2.8999999999999998E-013   21733801209.141556     
   2.9999999999999998E-013   20964977237.389652     
   3.0999999999999999E-013   20227944549.239529     
   3.2000000000000000E-013   19523953207.449173     
   3.3000000000000001E-013   18852705413.007820     
   3.4000000000000002E-013   18199401115.624161     
   3.5000000000000002E-013   17567891266.563011     
   3.5999999999999998E-013   16948175067.425570     
   3.6999999999999999E-013   16356459591.038401     
   3.8000000000000000E-013   15787826572.599476     
   3.9000000000000000E-013   15233991335.344028     
   4.0000000000000001E-013   14698765526.109209     
   4.1000000000000002E-013   14181634988.529581     
   4.1999999999999998E-013   13698293310.092089     
   4.2999999999999999E-013   13232733957.271076     
   4.3999999999999999E-013   12782324665.477295     
   4.5000000000000000E-013   12352154622.928162     
   4.5999999999999996E-013   11936259886.976402     
   4.7000000000000002E-013   11533470119.670361     
   4.7999999999999997E-013   11145106852.347450     
   4.9000000000000003E-013   10772195670.378878     
   4.9999999999999999E-013   10413360171.346918     
   5.1000000000000005E-013   10064671123.416533     
   5.2000000000000001E-013   9729709801.8900852     
   5.2999999999999996E-013   9406568645.2368240     
   5.4000000000000002E-013   9094808057.8685646     
   5.4999999999999998E-013   8798243049.2382202     
   5.6000000000000004E-013   8517210818.8491964     
   5.6999999999999999E-013   8246093252.7192307     
   5.7999999999999995E-013   7980153866.3828897     
   5.9000000000000001E-013   7716112140.4103985     
   5.9999999999999997E-013   7460779796.1944218     
   6.1000000000000003E-013   7213756442.4690647     
   6.1999999999999998E-013   6968108055.8089247     
   6.3000000000000004E-013   6734369642.0564728     
   6.4000000000000000E-013   6508216813.0918741     
   6.4999999999999996E-013   6293289946.5261955     
   6.6000000000000001E-013   6081973696.3091125     
   6.6999999999999997E-013   5877447983.8939142     
   6.8000000000000003E-013   5681208012.3727770     
   6.8999999999999999E-013   5486218421.0339890     
   7.0000000000000005E-013   5291692431.4789667     
   7.1000000000000000E-013   5104039512.0402861     
   7.1999999999999996E-013   4923283284.0724611     
   7.3000000000000002E-013   4751705038.5986347     
   7.3999999999999998E-013   4590942422.2838345     
   7.5000000000000004E-013   4451028801.5447502     
   7.5999999999999999E-013   4320019201.9104862     
   7.6999999999999995E-013   4200581971.4558520     
   7.8000000000000001E-013   4082997169.3861971     
   7.8999999999999997E-013   3965534697.5947943     
   8.0000000000000002E-013   3850473429.3404074     
   8.0999999999999998E-013   3733681034.0800991     
   8.2000000000000004E-013   3624504791.1557732     
   8.3000000000000000E-013   3510663842.4536190     
   8.3999999999999995E-013   3408199226.9418688     
   8.5000000000000001E-013   3309934858.6404362     
   8.5999999999999997E-013   3206133251.2664561     
   8.7000000000000003E-013   3100065848.8988647     
   8.7999999999999999E-013   3009649932.8412905     
   8.9000000000000004E-013   2928227389.1398783     
   9.0000000000000000E-013   2853131854.4139500     
   9.0999999999999996E-013   2783713009.5047278     
   9.1999999999999992E-013   2711741179.9349680     
   9.3000000000000008E-013   2654555464.8711696     
   9.4000000000000003E-013   2596280166.4352808     
   9.4999999999999999E-013   2539559622.4620919     
   9.5999999999999995E-013   2476996855.0029149     
   9.6999999999999991E-013   2418893479.1548886     
   9.8000000000000007E-013   2367858844.2856708     
   9.9000000000000002E-013   2311913074.3956571     
   9.9999999999999998E-013   2260198831.4814515     
   1.0099999999999999E-012   2213818269.8944201     
   1.0200000000000001E-012   2163521192.3842955     
   1.0300000000000001E-012   2110514610.5120125     
   1.0400000000000000E-012   2057230574.7482717     
   1.0500000000000000E-012   2003337646.0096362     
   1.0599999999999999E-012   1951612405.2041616     
   1.0700000000000001E-012   1905889819.4530931     
   1.0800000000000000E-012   1859903153.3898869     
   1.0900000000000000E-012   1820113260.9218338     
   1.1000000000000000E-012   1774255045.5075440     
   1.1099999999999999E-012   1729552201.0100477     
   1.1200000000000001E-012   1672373419.9325540     
   1.1300000000000000E-012   1615077869.0837791     
   1.1400000000000000E-012   1556403034.5428696     
   1.1499999999999999E-012   1498300275.8618369     
   1.1599999999999999E-012   1448089245.2140403     
   1.1700000000000001E-012   1401353085.6700659     
   1.1800000000000000E-012   1342014025.5926266     
   1.1900000000000000E-012   1289923118.9989543     
   1.1999999999999999E-012   1250205632.5355148     
   1.2100000000000001E-012   1212447755.4768577     
   1.2200000000000001E-012   1175581476.0261719     
   1.2300000000000000E-012   1135862800.6425109     
   1.2400000000000000E-012   1094977983.6727176     
   1.2499999999999999E-012   1054017045.5623605     
   1.2600000000000001E-012   1018411599.9317073     
   1.2700000000000000E-012   975849904.77537787     
   1.2800000000000000E-012   936775920.38698316     
   1.2900000000000000E-012   903140453.78411365     
   1.2999999999999999E-012   872747985.29527986     
   1.3100000000000001E-012   850395478.16287160     
   1.3200000000000000E-012   832560540.03506982     
   1.3300000000000000E-012   822116733.56382287     
   1.3399999999999999E-012   811498361.56801128     
   1.3499999999999999E-012   797575345.32829583     
   1.3600000000000001E-012   781979055.12883055     
   1.3700000000000000E-012   764493046.67111659     
   1.3800000000000000E-012   743322886.90220487     
   1.3899999999999999E-012   720234053.31325126     
   1.4000000000000001E-012   699415290.61688876     
   1.4100000000000001E-012   687860531.88718700     
   1.4200000000000000E-012   669820095.61249268     
   1.4300000000000000E-012   650735503.68937528     
   1.4399999999999999E-012   633176596.34908104     
   1.4500000000000001E-012   617831598.26421237     
   1.4600000000000000E-012   596854308.63763726     
   1.4700000000000000E-012   575097017.60367525     
   1.4800000000000000E-012   564926662.66231203     
   1.4899999999999999E-012   556685214.19567037     
   1.5000000000000001E-012   551517628.44707310     
   1.5100000000000000E-012   545948052.57239914     
   1.5200000000000000E-012   534427490.71274459     
   1.5299999999999999E-012   516620021.99647510     
   1.5399999999999999E-012   504167134.79459739     
   1.5500000000000001E-012   496456112.65101779     
   1.5600000000000000E-012   479396508.26024300     
   1.5700000000000000E-012   469364100.36785448     
   1.5799999999999999E-012   455728217.83331829     
   1.5900000000000001E-012   447570679.99700832     
   1.6000000000000000E-012   433663261.07787967     
   1.6100000000000000E-012   418680390.52627528     
   1.6200000000000000E-012   398034916.14525646     
   1.6299999999999999E-012   381817696.30718720     
   1.6400000000000001E-012   360144937.45169032     
   1.6500000000000000E-012   340276557.35709280     
   1.6600000000000000E-012   326423363.52278405     
   1.6700000000000000E-012   317426598.71675152     
   1.6799999999999999E-012   308474138.67445576     
   1.6900000000000001E-012   305627566.27158529     
   1.7000000000000000E-012   296594436.96071452     
   1.7100000000000000E-012   289870607.17408466     
   1.7199999999999999E-012   280467917.82322544     
   1.7299999999999999E-012   274652798.50215858     
   1.7400000000000001E-012   257678115.29781845     
   1.7500000000000000E-012   244420595.44327700     
   1.7600000000000000E-012   232931067.56473318     
   1.7699999999999999E-012   219308518.10494673     
   1.7800000000000001E-012   208483447.90269184     
   1.7900000000000000E-012   198601193.66562909     
   1.8000000000000000E-012   192312684.85869631     
   1.8100000000000000E-012   181600046.18912226     
   1.8199999999999999E-012   178952005.59939551     
   1.8300000000000001E-012   184556898.99093649     
   1.8399999999999998E-012   193741536.71288484     
   1.8500000000000000E-012   201197474.43069956     
   1.8600000000000002E-012   208773082.86817569     
   1.8699999999999999E-012   212815003.11827052     
   1.8800000000000001E-012   211478521.77791747     
   1.8899999999999998E-012   212849692.54362887     
   1.9000000000000000E-012   222684553.33085656     
   1.9100000000000001E-012   237091906.96601951     
   1.9199999999999999E-012   256470495.58609647     
   1.9300000000000001E-012   276810228.29326260     
   1.9399999999999998E-012   297754767.20596921     
   1.9500000000000000E-012   313609901.33847588     
   1.9600000000000001E-012   317902579.99974555     
   1.9699999999999999E-012   317881182.88846582     
   1.9800000000000000E-012   324172185.32464415     
   1.9899999999999998E-012   333576562.01205128     
   2.0000000000000000E-012   338420962.38193071     
   2.0100000000000001E-012   333255870.64267820     
   2.0199999999999999E-012   333089931.26317698     
   2.0300000000000000E-012   330868478.14470112     
   2.0400000000000002E-012   334677445.31348729     
   2.0499999999999999E-012   343866091.68745118     
   2.0600000000000001E-012   349662499.71217054     
   2.0699999999999999E-012   348857820.37581557     
   2.0800000000000000E-012   354652547.78577101     
   2.0900000000000002E-012   358601584.67703605     
   2.0999999999999999E-012   362512348.03485018     
   2.1100000000000001E-012   364680159.42892557     
   2.1199999999999999E-012   358287173.78358334     
   2.1300000000000000E-012   355725559.72232264     
   2.1400000000000002E-012   349034100.50205982     
   2.1499999999999999E-012   342652259.83212245     
   2.1600000000000001E-012   337539676.27812719     
   2.1699999999999998E-012   332568100.91262209     
   2.1800000000000000E-012   322999049.15110904     
   2.1900000000000002E-012   310302895.68128413     
   2.1999999999999999E-012   296053627.80769598     
   2.2100000000000001E-012   278115905.52206671     
   2.2199999999999998E-012   259420405.81782708     
   2.2300000000000000E-012   241596199.17099321     
   2.2400000000000001E-012   238191936.93385738     
   2.2499999999999999E-012   236883121.12966275     
   2.2600000000000001E-012   231758887.39692011     
   2.2699999999999998E-012   224728232.55726254     
   2.2800000000000000E-012   218541333.15231159     
   2.2900000000000001E-012   216887566.63687190     
   2.2999999999999999E-012   219019225.60838643     
   2.3100000000000001E-012   224863848.41565630     
   2.3199999999999998E-012   229453270.34111354     
   2.3300000000000000E-012   234268009.18011874     
   2.3400000000000001E-012   225201094.95092848     
   2.3499999999999999E-012   220030125.96214324     
   2.3600000000000000E-012   217843000.65412146     
   2.3699999999999998E-012   219083685.92266181     
   2.3800000000000000E-012   210097455.97836164     
   2.3900000000000001E-012   204145272.86425188     
   2.3999999999999999E-012   203813340.59612510     
   2.4100000000000000E-012   196177404.40127245     
   2.4200000000000002E-012   195312629.83663315     
   2.4299999999999999E-012   196544610.05092341     
   2.4400000000000001E-012   193443295.71793818     
   2.4499999999999999E-012   197066998.70887038     
   2.4600000000000000E-012   192772190.10678515     
   2.4700000000000002E-012   195201673.62921184     
   2.4799999999999999E-012   201311606.11000648     
   2.4900000000000001E-012   207554592.63773087     
   2.4999999999999998E-012   217280444.28172785     
   2.5100000000000000E-012   223394012.09491739     
   2.5200000000000002E-012   227712699.24657685     
   2.5299999999999999E-012   227354045.16625458     
   2.5400000000000001E-012   228778015.12744948     
   2.5499999999999998E-012   227872612.63364491     
   2.5600000000000000E-012   223846245.92982063     
   2.5700000000000002E-012   216116990.27879205     
   2.5799999999999999E-012   206539691.50894469     
   2.5900000000000001E-012   197879464.44819364     
   2.5999999999999998E-012   188580540.70247164     
   2.6100000000000000E-012   180701379.65874705     
   2.6200000000000001E-012   170239733.14026603     
   2.6299999999999999E-012   168615506.44316274     
   2.6400000000000001E-012   175688660.43663731     
   2.6499999999999998E-012   191743461.84288117     
   2.6600000000000000E-012   220662568.38959414     
   2.6700000000000001E-012   240068858.81640151     
   2.6799999999999999E-012   266208185.29287818     
   2.6900000000000000E-012   284678501.52955532     
   2.6999999999999998E-012   305232160.29171139     
   2.7100000000000000E-012   323963639.46643734     
   2.7200000000000001E-012   338287992.10657662     
   2.7299999999999999E-012   349587779.38469696     
   2.7400000000000000E-012   355147137.41041625     
   2.7500000000000002E-012   353201911.35975957     
   2.7600000000000000E-012   346715577.01140738     
   2.7700000000000001E-012   336083612.62212020     
   2.7799999999999999E-012   317032306.36959302     
   2.7900000000000000E-012   293876712.84245330     
   2.8000000000000002E-012   276275217.83661222     
   2.8099999999999999E-012   256523421.83134958     
   2.8200000000000001E-012   228058497.20676619     
   2.8299999999999999E-012   203994118.55102676     
   2.8400000000000000E-012   178497865.45285887     
   2.8500000000000002E-012   152885795.89475507     
   2.8599999999999999E-012   136409053.51206058     
   2.8700000000000001E-012   119335617.19682577     
   2.8799999999999998E-012   106132351.33759460     
   2.8900000000000000E-012   99051336.139445558     
   2.9000000000000002E-012   93974167.956446052     
   2.9099999999999999E-012   87686634.611140296     
   2.9200000000000001E-012   82779600.045649961     
   2.9299999999999998E-012   81102918.409837961     
   2.9400000000000000E-012   82695815.560460135     
   2.9500000000000002E-012   87157759.655899853     
   2.9599999999999999E-012   90550035.027040198     
   2.9700000000000001E-012   84666526.920756489     
   2.9799999999999998E-012   83600705.686101139     
   2.9900000000000000E-012   87704640.844255224     
   3.0000000000000001E-012   94421821.201668903     
   3.0099999999999999E-012   100451264.28556930     
   3.0200000000000001E-012   107315062.38824449     
   3.0299999999999998E-012   108574652.21252964     
   3.0400000000000000E-012   109156555.39352128     
   3.0500000000000001E-012   111627169.04078943     
   3.0599999999999999E-012   118229307.03169242     
   3.0700000000000000E-012   135427780.37199491     
   3.0799999999999998E-012   158036511.12158898     
   3.0900000000000000E-012   177517681.63837212     
   3.1000000000000001E-012   191938336.21702963     
   3.1099999999999999E-012   196040827.38575524     
   3.1200000000000000E-012   190962139.73790622     
   3.1300000000000002E-012   176062499.87469450     
   3.1399999999999999E-012   158242367.00535554     
   3.1500000000000001E-012   147402028.28471139     
   3.1599999999999999E-012   136716904.15885162     
   3.1700000000000000E-012   137964872.37453374     
   3.1800000000000002E-012   136261181.81320536     
   3.1899999999999999E-012   126965706.68046924     
   3.2000000000000001E-012   120506533.56584060     
   3.2099999999999999E-012   112570616.89526969     
   3.2200000000000000E-012   97279477.718905926     
   3.2300000000000002E-012   89505545.867451057     
   3.2399999999999999E-012   82578039.964381889     
   3.2500000000000001E-012   78753612.487304777     
   3.2599999999999998E-012   74491820.456934780     
   3.2700000000000000E-012   72793607.944575608     
   3.2800000000000002E-012   73061812.044848904     
   3.2899999999999999E-012   81428436.339319423     
   3.3000000000000001E-012   92494701.009510621     
   3.3099999999999998E-012   96874970.696125269     
   3.3200000000000000E-012   89339878.519973263     
   3.3300000000000001E-012   73069778.716834813     
   3.3399999999999999E-012   58245082.581764579     
   3.3500000000000001E-012   46703675.305452816     
   3.3599999999999998E-012   48700443.744307131     
   3.3700000000000000E-012   46514580.645571224     
   3.3800000000000001E-012   38252868.087005854     
   3.3899999999999999E-012   34571611.042108849     
   3.4000000000000001E-012   32640650.691452768     
   3.4099999999999998E-012   25804240.287019774     
   3.4200000000000000E-012   26572952.680000115     
   3.4300000000000001E-012   25236964.940936685     
   3.4399999999999999E-012   30801009.572740015     
   3.4500000000000000E-012   44812446.274342492     
   3.4599999999999998E-012   57329688.568116404     
   3.4700000000000000E-012   78797453.741816923     
   3.4800000000000001E-012   93115210.717020467     
   3.4899999999999999E-012   106291730.29497440     
   3.5000000000000000E-012   127547408.63356134     
   3.5100000000000002E-012   147896309.55597502     
   3.5199999999999999E-012   169605947.57121900     
   3.5300000000000001E-012   191398371.51161125     
   3.5399999999999999E-012   215652192.81029060     
   3.5500000000000000E-012   238658126.20904848     
   3.5600000000000002E-012   257314543.65594518     
   3.5699999999999999E-012   272451895.41417551     
   3.5800000000000001E-012   285335498.91747850     
   3.5899999999999998E-012   300445277.60544193     
   3.6000000000000000E-012   314645040.38207150     
   3.6100000000000002E-012   330478849.55696636     
   3.6199999999999999E-012   347388282.59279889     
   3.6300000000000001E-012   362803008.45632368     
   3.6399999999999998E-012   383365848.40661442     
   3.6500000000000000E-012   403456559.61807287     
   3.6600000000000002E-012   428584390.77953094     
   3.6700000000000003E-012   449553338.43157959     
   3.6799999999999997E-012   466501580.01139116     
   3.6899999999999998E-012   475529508.58555955     
   3.7000000000000000E-012   477036047.29951173     
   3.7100000000000001E-012   485613884.94827545     
   3.7200000000000003E-012   494201592.65057266     
   3.7299999999999997E-012   497958398.70128167     
   3.7399999999999998E-012   504322384.54420298     
   3.7500000000000000E-012   497308441.75124812     
   3.7600000000000001E-012   488745709.85473430     
   3.7700000000000003E-012   487823258.50033236     
   3.7799999999999996E-012   488277571.65470082     
   3.7899999999999998E-012   482624852.81734002     
   3.8000000000000000E-012   475310462.53960413     
   3.8100000000000001E-012   467469530.37179434     
   3.8200000000000003E-012   454438572.38378769     
   3.8299999999999996E-012   445336646.86401260     
   3.8399999999999998E-012   435526062.19644332     
   3.8500000000000000E-012   423364377.21012717     
   3.8600000000000001E-012   404301585.30715865     
   3.8700000000000003E-012   388321748.16479224     
   3.8799999999999996E-012   370237855.10216773     
   3.8899999999999998E-012   351826610.64660889     
   3.8999999999999999E-012   337177707.10841775     
   3.9100000000000001E-012   327302422.19561589     
   3.9200000000000003E-012   319736123.12527055     
   3.9299999999999996E-012   312434963.15925157     
   3.9399999999999998E-012   302864571.56705773     
   3.9499999999999999E-012   294431337.50679404     
   3.9600000000000001E-012   279173629.38988096     
   3.9700000000000002E-012   261540112.09838304     
   3.9799999999999996E-012   249636665.08107433     
   3.9899999999999998E-012   238660285.88969475     
   3.9999999999999999E-012   234859286.85458708     
   4.0100000000000001E-012   234286759.64086550     
   4.0200000000000002E-012   233950704.16709945     
   4.0300000000000004E-012   234049302.52361256     
   4.0399999999999997E-012   233654870.37589344     
   4.0499999999999999E-012   234818103.96896532     
   4.0600000000000001E-012   243533326.68640557     
   4.0700000000000002E-012   252812446.99920899     
   4.0800000000000004E-012   257652120.03585795     
   4.0899999999999997E-012   261554381.82153323     
   4.0999999999999999E-012   268628045.70678544     
   4.1100000000000001E-012   276978430.82177949     
   4.1200000000000002E-012   277280668.92568296     
   4.1300000000000004E-012   286638028.65291375     
   4.1399999999999997E-012   292807870.01534551     
   4.1499999999999999E-012   308771877.42284745     
   4.1600000000000000E-012   317797511.19416887     
   4.1700000000000002E-012   321724538.50133467     
   4.1800000000000004E-012   318597819.93805969     
   4.1899999999999997E-012   313562902.86364436     
   4.1999999999999999E-012   304305692.81039834     
   4.2100000000000000E-012   296584347.67578918     
   4.2200000000000002E-012   290407768.32711291     
   4.2300000000000004E-012   289144216.41367382     
   4.2399999999999997E-012   290236581.07805508     
   4.2499999999999999E-012   290148799.29095256     
   4.2600000000000000E-012   293613371.24630934     
   4.2700000000000002E-012   299939865.77671182     
   4.2800000000000003E-012   309016018.09470212     
   4.2899999999999997E-012   312037816.54875946     
   4.2999999999999999E-012   318937471.49680579     
   4.3100000000000000E-012   315316886.65264595     
   4.3200000000000002E-012   308194030.87677532     
   4.3300000000000003E-012   306643756.35750371     
   4.3399999999999997E-012   303488904.68899775     
   4.3499999999999998E-012   303346128.43762308     
   4.3600000000000000E-012   304166450.38710272     
   4.3700000000000002E-012   298814767.66756910     
   4.3800000000000003E-012   302956745.95844233     
   4.3899999999999997E-012   299166596.80663753     
   4.3999999999999998E-012   289730546.24519432     
   4.4100000000000000E-012   290240221.57436246     
   4.4200000000000001E-012   284624928.46450734     
   4.4300000000000003E-012   278645383.66496897     
   4.4399999999999997E-012   275854629.29720378     
   4.4499999999999998E-012   267619751.78417370     
   4.4600000000000000E-012   261727692.29927942     
   4.4700000000000001E-012   260368305.33204833     
   4.4800000000000003E-012   257246532.02303609     
   4.4899999999999996E-012   258466886.23281071     
   4.4999999999999998E-012   261157427.96923923     
   4.5100000000000000E-012   252706958.38648087     
   4.5200000000000001E-012   244849476.34069198     
   4.5300000000000003E-012   243919866.91136301     
   4.5399999999999996E-012   245226113.34817246     
   4.5499999999999998E-012   250106283.47767121     
   4.5600000000000000E-012   245293063.48226309     
   4.5700000000000001E-012   246488710.99952891     
   4.5800000000000003E-012   244920504.99768564     
   4.5899999999999996E-012   234493544.95048416     
   4.5999999999999998E-012   214655212.29796842     
   4.6099999999999999E-012   191495991.31350821     
   4.6200000000000001E-012   167424888.86232045     
   4.6300000000000003E-012   134225973.05846095     
   4.6399999999999996E-012   102023617.10465311     
   4.6499999999999998E-012   75755791.142889053     
   4.6599999999999999E-012   53954001.105016902     
   4.6700000000000001E-012   37251597.625447027     
   4.6800000000000003E-012   21124402.686967824     
   4.6899999999999996E-012   5175572.2214768715     
   4.6999999999999998E-012  -14160340.273484979     
   4.7099999999999999E-012  -36515581.768218137     
   4.7200000000000001E-012  -48617140.435362674     
   4.7300000000000002E-012  -67078551.171654537     
   4.7399999999999996E-012  -90928685.561463714     
   4.7499999999999998E-012  -115084718.57743716     
   4.7599999999999999E-012  -137979830.22067788     
   4.7700000000000001E-012  -161740448.29763371     
   4.7800000000000002E-012  -188580213.22748366     
   4.7900000000000004E-012  -208993917.20013115     
   4.7999999999999997E-012  -231084046.67376003     
   4.8099999999999999E-012  -250201712.78393883     
   4.8200000000000001E-012  -257639763.76053438     
   4.8300000000000002E-012  -246885683.26228634     
   4.8400000000000004E-012  -229379653.89546049     
   4.8499999999999997E-012  -216995669.09448373     
   4.8599999999999999E-012  -206942147.14973938     
   4.8700000000000000E-012  -195804753.00481418     
   4.8800000000000002E-012  -196528925.68051106     
   4.8900000000000004E-012  -195236618.70946056     
   4.8999999999999997E-012  -194773475.53803730     
   4.9099999999999999E-012  -198053285.11543828     
   4.9200000000000000E-012  -205664904.12117240     
   4.9300000000000002E-012  -218081901.82313707     
   4.9400000000000004E-012  -232199558.24858871     
   4.9499999999999997E-012  -246990844.19616506     
   4.9599999999999999E-012  -262250920.72787058     
   4.9700000000000000E-012  -279695450.58161849     
   4.9800000000000002E-012  -290268130.08926523     
   4.9900000000000003E-012  -303232040.75831425     
