   0.0000000000000000        47377283097.633835     
   1.0000000000000000E-014   46391442934.881805     
   2.0000000000000000E-014   45440987440.941742     
   2.9999999999999998E-014   44523474404.914009     
   4.0000000000000000E-014   43636420860.622177     
   5.0000000000000002E-014   42777033614.557602     
   5.9999999999999997E-014   41937761002.260185     
   7.0000000000000005E-014   41121550500.541092     
   8.0000000000000000E-014   40328609427.521637     
   8.9999999999999995E-014   39562995473.425362     
   1.0000000000000000E-013   38818417416.302193     
   1.1000000000000000E-013   38096181916.180412     
   1.1999999999999999E-013   37396846099.145073     
   1.3000000000000000E-013   36717713518.351578     
   1.4000000000000001E-013   36060173673.372528     
   1.4999999999999999E-013   35417973768.312790     
   1.6000000000000000E-013   34795065813.717216     
   1.7000000000000001E-013   34187907881.478001     
   1.7999999999999999E-013   33595461240.082298     
   1.9000000000000000E-013   33019647764.293724     
   2.0000000000000001E-013   32460656119.921444     
   2.0999999999999999E-013   31913827519.717327     
   2.2000000000000000E-013   31377013702.702213     
   2.2999999999999998E-013   30850725657.429321     
   2.3999999999999999E-013   30335597179.028114     
   2.4999999999999999E-013   29833108767.798870     
   2.6000000000000000E-013   29347794729.212753     
   2.7000000000000001E-013   28877184571.391685     
   2.8000000000000002E-013   28423121173.632248     
   2.8999999999999998E-013   27981550795.896278     
   2.9999999999999998E-013   27547245289.145172     
   3.0999999999999999E-013   27123981923.053833     
   3.2000000000000000E-013   26711359911.355103     
   3.3000000000000001E-013   26307062413.414261     
   3.4000000000000002E-013   25913719940.313618     
   3.5000000000000002E-013   25525943904.918148     
   3.5999999999999998E-013   25148883353.321991     
   3.6999999999999999E-013   24776037705.647694     
   3.8000000000000000E-013   24414025856.731464     
   3.9000000000000000E-013   24062154265.094265     
   4.0000000000000001E-013   23716789758.969784     
   4.1000000000000002E-013   23378175303.068314     
   4.1999999999999998E-013   23043585344.532543     
   4.2999999999999999E-013   22715580174.960102     
   4.3999999999999999E-013   22394716118.489807     
   4.5000000000000000E-013   22081669113.954784     
   4.5999999999999996E-013   21771438250.936462     
   4.7000000000000002E-013   21462695744.550194     
   4.7999999999999997E-013   21158911117.296234     
   4.9000000000000003E-013   20857167551.270489     
   4.9999999999999999E-013   20565555331.662086     
   5.1000000000000005E-013   20279896403.964298     
   5.2000000000000001E-013   20000569960.323833     
   5.2999999999999996E-013   19726416737.233780     
   5.4000000000000002E-013   19457365352.644997     
   5.4999999999999998E-013   19196686316.160984     
   5.6000000000000004E-013   18943047612.003319     
   5.6999999999999999E-013   18693636096.946659     
   5.7999999999999995E-013   18450913402.580986     
   5.9000000000000001E-013   18209341539.328938     
   5.9999999999999997E-013   17968270813.336899     
   6.1000000000000003E-013   17730889271.682255     
   6.1999999999999998E-013   17497381585.445076     
   6.3000000000000004E-013   17266310571.037479     
   6.4000000000000000E-013   17037103818.440773     
   6.4999999999999996E-013   16809834135.535393     
   6.6000000000000001E-013   16589435210.013954     
   6.6999999999999997E-013   16373425018.645798     
   6.8000000000000003E-013   16157561480.313055     
   6.8999999999999999E-013   15947873509.973141     
   7.0000000000000005E-013   15741347870.785603     
   7.1000000000000000E-013   15535555014.030029     
   7.1999999999999996E-013   15334908320.002232     
   7.3000000000000002E-013   15137603691.515680     
   7.3999999999999998E-013   14943241018.122824     
   7.5000000000000004E-013   14752390942.638693     
   7.5999999999999999E-013   14562864162.213610     
   7.6999999999999995E-013   14377947824.125616     
   7.8000000000000001E-013   14192729643.220497     
   7.8999999999999997E-013   14009975890.320391     
   8.0000000000000002E-013   13828179632.681883     
   8.0999999999999998E-013   13647452101.417831     
   8.2000000000000004E-013   13468506417.953554     
   8.3000000000000000E-013   13295665949.791174     
   8.3999999999999995E-013   13128724126.412626     
   8.5000000000000001E-013   12964867165.706732     
   8.5999999999999997E-013   12804156029.050985     
   8.7000000000000003E-013   12646302072.722551     
   8.7999999999999999E-013   12490632268.098288     
   8.9000000000000004E-013   12337370685.017395     
   9.0000000000000000E-013   12186040161.178196     
   9.0999999999999996E-013   12037668964.727732     
   9.1999999999999992E-013   11888966112.379375     
   9.3000000000000008E-013   11741478021.496670     
   9.4000000000000003E-013   11595991292.126354     
   9.4999999999999999E-013   11455039975.534008     
   9.5999999999999995E-013   11314459612.799534     
   9.6999999999999991E-013   11176281202.454990     
   9.8000000000000007E-013   11039643811.034260     
   9.9000000000000002E-013   10903566393.655888     
   9.9999999999999998E-013   10767315214.621317     
   1.0099999999999999E-012   10634943389.452923     
   1.0200000000000001E-012   10506938562.084509     
   1.0300000000000001E-012   10382337340.091621     
   1.0400000000000000E-012   10258298076.955667     
   1.0500000000000000E-012   10135935993.832672     
   1.0599999999999999E-012   10015130280.468214     
   1.0700000000000001E-012   9894321881.2768440     
   1.0800000000000000E-012   9775680056.6901417     
   1.0900000000000000E-012   9661243348.1604595     
   1.1000000000000000E-012   9546950218.6677094     
   1.1099999999999999E-012   9431174106.7019424     
   1.1200000000000001E-012   9314481895.7878475     
   1.1300000000000000E-012   9201361654.9155025     
   1.1400000000000000E-012   9091136071.8335285     
   1.1499999999999999E-012   8979394593.2840939     
   1.1599999999999999E-012   8870770321.4647560     
   1.1700000000000001E-012   8761782633.8006382     
   1.1800000000000000E-012   8653334611.0517025     
   1.1900000000000000E-012   8542877797.4337320     
   1.1999999999999999E-012   8431926883.2892618     
   1.2100000000000001E-012   8323588258.4098406     
   1.2200000000000001E-012   8214669796.9271097     
   1.2300000000000000E-012   8107710640.7010126     
   1.2400000000000000E-012   8001532435.6543102     
   1.2499999999999999E-012   7898730903.8106318     
   1.2600000000000001E-012   7794796514.2971897     
   1.2700000000000000E-012   7694774386.0239611     
   1.2800000000000000E-012   7597990688.2522573     
   1.2900000000000000E-012   7502773500.0171289     
   1.2999999999999999E-012   7409805733.4166660     
   1.3100000000000001E-012   7317061334.4678431     
   1.3200000000000000E-012   7227083193.8282413     
   1.3300000000000000E-012   7142173218.9987097     
   1.3399999999999999E-012   7058709859.1221886     
   1.3499999999999999E-012   6978526974.7923565     
   1.3600000000000001E-012   6897353472.7516470     
   1.3700000000000000E-012   6816450517.9563942     
   1.3800000000000000E-012   6736118686.5996256     
   1.3899999999999999E-012   6657660833.5685778     
   1.4000000000000001E-012   6582643868.7796354     
   1.4100000000000001E-012   6507976296.1411104     
   1.4200000000000000E-012   6435968413.0869284     
   1.4300000000000000E-012   6367410043.0236492     
   1.4399999999999999E-012   6297029870.3249550     
   1.4500000000000001E-012   6224585710.8322935     
   1.4600000000000000E-012   6148776443.8687906     
   1.4700000000000000E-012   6074129830.1420221     
   1.4800000000000000E-012   6000457438.1195965     
   1.4899999999999999E-012   5926824487.7483006     
   1.5000000000000001E-012   5853390431.1487322     
   1.5100000000000000E-012   5779069921.9180546     
   1.5200000000000000E-012   5708126969.2930679     
   1.5299999999999999E-012   5639154566.2777367     
   1.5399999999999999E-012   5571330811.7421646     
   1.5500000000000001E-012   5502729215.9168005     
   1.5600000000000000E-012   5434894454.7854881     
   1.5700000000000000E-012   5369662712.6570158     
   1.5799999999999999E-012   5302169068.0197458     
   1.5900000000000001E-012   5234872644.7214117     
   1.6000000000000000E-012   5168501289.6242723     
   1.6100000000000000E-012   5098875112.6257763     
   1.6200000000000000E-012   5028820428.7649069     
   1.6299999999999999E-012   4962766752.4096727     
   1.6400000000000001E-012   4900012002.1311207     
   1.6500000000000000E-012   4835889721.9459162     
   1.6600000000000000E-012   4770559639.1849890     
   1.6700000000000000E-012   4705458178.2940540     
   1.6799999999999999E-012   4642284275.4797792     
   1.6900000000000001E-012   4579116121.9435377     
   1.7000000000000000E-012   4514521696.0983124     
   1.7100000000000000E-012   4452133158.7944517     
   1.7199999999999999E-012   4395254945.1907759     
   1.7299999999999999E-012   4336963045.1950579     
   1.7400000000000001E-012   4281000188.0080352     
   1.7500000000000000E-012   4222863270.4697356     
   1.7600000000000000E-012   4167872762.4466252     
   1.7699999999999999E-012   4115718302.0133018     
   1.7800000000000001E-012   4067864464.8128572     
   1.7900000000000000E-012   4019609954.9959083     
   1.8000000000000000E-012   3972529029.3379488     
   1.8100000000000000E-012   3931535336.9107909     
   1.8199999999999999E-012   3889763700.1523457     
   1.8300000000000001E-012   3846878358.6790533     
   1.8399999999999998E-012   3803810767.9243183     
   1.8500000000000000E-012   3760243841.6617637     
   1.8600000000000002E-012   3718761352.1259089     
   1.8699999999999999E-012   3680378236.0174141     
   1.8800000000000001E-012   3640197496.1698298     
   1.8899999999999998E-012   3600517404.6184945     
   1.9000000000000000E-012   3561723574.4935560     
   1.9100000000000001E-012   3522893921.0493412     
   1.9199999999999999E-012   3483178456.7898850     
   1.9300000000000001E-012   3445460214.9390130     
   1.9399999999999998E-012   3409954986.8115253     
   1.9500000000000000E-012   3376029868.7037516     
   1.9600000000000001E-012   3341134893.5522828     
   1.9699999999999999E-012   3304464759.4172268     
   1.9800000000000000E-012   3268608933.4442916     
   1.9899999999999998E-012   3235485883.9603238     
   2.0000000000000000E-012   3200477826.3609400     
   2.0100000000000001E-012   3164106050.2475586     
   2.0199999999999999E-012   3125940889.1978807     
   2.0300000000000000E-012   3087362679.0303311     
   2.0400000000000002E-012   3049809018.7782307     
   2.0499999999999999E-012   3011443356.3342509     
   2.0600000000000001E-012   2970925632.1320958     
   2.0699999999999999E-012   2932225364.8230205     
   2.0800000000000000E-012   2892719375.1726384     
   2.0900000000000002E-012   2852492241.0269618     
   2.0999999999999999E-012   2811740020.0624919     
   2.1100000000000001E-012   2772194314.2858381     
   2.1199999999999999E-012   2734364564.8722157     
   2.1300000000000000E-012   2697717933.2903223     
   2.1400000000000002E-012   2665388906.2191367     
   2.1499999999999999E-012   2630430550.1664758     
   2.1600000000000001E-012   2596079379.6766934     
   2.1699999999999998E-012   2562204449.7092571     
   2.1800000000000000E-012   2528271537.7558722     
   2.1900000000000002E-012   2492428832.9319482     
   2.1999999999999999E-012   2459597287.5156283     
   2.2100000000000001E-012   2427952650.3664813     
   2.2199999999999998E-012   2398357789.1825337     
   2.2300000000000000E-012   2369675001.2050562     
   2.2400000000000001E-012   2344298683.9439688     
   2.2499999999999999E-012   2317640517.4683661     
   2.2600000000000001E-012   2289006765.4371324     
   2.2699999999999998E-012   2258274004.0255232     
   2.2800000000000000E-012   2227217080.2164397     
   2.2900000000000001E-012   2195472621.2315683     
   2.2999999999999999E-012   2164127727.2238994     
   2.3100000000000001E-012   2133960673.2993033     
   2.3199999999999998E-012   2101381156.8499954     
   2.3300000000000000E-012   2070349070.9439199     
   2.3400000000000001E-012   2039821811.6369264     
   2.3499999999999999E-012   2013122305.4086003     
   2.3600000000000000E-012   1983054025.8271878     
   2.3699999999999998E-012   1956741628.2134347     
   2.3800000000000000E-012   1931130001.6002705     
   2.3900000000000001E-012   1903419446.3330159     
   2.3999999999999999E-012   1873289961.4714305     
   2.4100000000000000E-012   1841899955.9623468     
   2.4200000000000002E-012   1812583617.2105403     
   2.4299999999999999E-012   1781272719.6377273     
   2.4400000000000001E-012   1749082339.3719680     
   2.4499999999999999E-012   1721335648.7523620     
   2.4600000000000000E-012   1695276388.4381573     
   2.4700000000000002E-012   1671587778.4423316     
   2.4799999999999999E-012   1647270651.6877077     
   2.4900000000000001E-012   1625150816.7320244     
   2.4999999999999998E-012   1599827965.6088750     
   2.5100000000000000E-012   1576370808.5008409     
   2.5200000000000002E-012   1549922262.6979756     
   2.5299999999999999E-012   1522426176.2172117     
   2.5400000000000001E-012   1498475869.6837246     
   2.5499999999999998E-012   1472404928.6527753     
   2.5600000000000000E-012   1445818099.7307155     
   2.5700000000000002E-012   1420904862.6501448     
   2.5799999999999999E-012   1395760095.5831676     
   2.5900000000000001E-012   1372606985.9504259     
   2.5999999999999998E-012   1348054091.0600200     
   2.6100000000000000E-012   1324799386.1155536     
   2.6200000000000001E-012   1304730974.3787968     
   2.6299999999999999E-012   1275967921.9380231     
   2.6400000000000001E-012   1248924630.6188483     
   2.6499999999999998E-012   1225178882.0745029     
   2.6600000000000000E-012   1202586668.0137479     
   2.6700000000000001E-012   1179823476.3430483     
   2.6799999999999999E-012   1157975443.4954100     
   2.6900000000000000E-012   1134278753.3651042     
   2.6999999999999998E-012   1111513028.5939562     
   2.7100000000000000E-012   1089710162.4758477     
   2.7200000000000001E-012   1070220055.0744009     
   2.7299999999999999E-012   1052604855.3206682     
   2.7400000000000000E-012   1034054153.8449948     
   2.7500000000000002E-012   1016556426.7430325     
   2.7600000000000000E-012   1003690722.5699810     
   2.7700000000000001E-012   993979050.83069503     
   2.7799999999999999E-012   982307161.65307510     
   2.7900000000000000E-012   972777949.00250149     
   2.8000000000000002E-012   967133483.93021846     
   2.8099999999999999E-012   962366850.80426800     
   2.8200000000000001E-012   958888637.98119152     
   2.8299999999999999E-012   952155687.16526842     
   2.8400000000000000E-012   941829255.48076594     
   2.8500000000000002E-012   932830306.00889575     
   2.8599999999999999E-012   924054861.97451532     
   2.8700000000000001E-012   916823649.14949012     
   2.8799999999999998E-012   909599534.34325373     
   2.8900000000000000E-012   902410258.64819252     
   2.9000000000000002E-012   893175746.29798412     
   2.9099999999999999E-012   881649752.41967726     
   2.9200000000000001E-012   871711114.75042641     
   2.9299999999999998E-012   862463495.26762056     
   2.9400000000000000E-012   855572083.30849361     
   2.9500000000000002E-012   849718545.34524786     
   2.9599999999999999E-012   842397468.76470613     
   2.9700000000000001E-012   836600547.71921146     
   2.9799999999999998E-012   826099835.26838076     
   2.9900000000000000E-012   812595810.13315535     
   3.0000000000000001E-012   798253237.38667178     
   3.0099999999999999E-012   783435819.92981088     
   3.0200000000000001E-012   771831122.88528013     
   3.0299999999999998E-012   762477030.16636086     
   3.0400000000000000E-012   752693715.38029945     
   3.0500000000000001E-012   743684705.21239889     
   3.0599999999999999E-012   734176192.86565936     
   3.0700000000000000E-012   722845031.78801358     
   3.0799999999999998E-012   710184628.22738695     
   3.0900000000000000E-012   698020613.41950047     
   3.1000000000000001E-012   683397300.07076383     
   3.1099999999999999E-012   669672171.72541797     
   3.1200000000000000E-012   654635322.52913713     
   3.1300000000000002E-012   642144062.75798357     
   3.1399999999999999E-012   629955586.44258130     
   3.1500000000000001E-012   620014973.42295897     
   3.1599999999999999E-012   612461556.73594666     
   3.1700000000000000E-012   608485007.05466259     
   3.1800000000000002E-012   602933903.35531902     
   3.1899999999999999E-012   595539757.61618388     
   3.2000000000000001E-012   588912695.82218766     
   3.2099999999999999E-012   583323664.84326708     
   3.2200000000000000E-012   575924874.05103338     
   3.2300000000000002E-012   572697851.88796592     
   3.2399999999999999E-012   569649875.00236368     
   3.2500000000000001E-012   563204014.31915355     
   3.2599999999999998E-012   558254039.10862553     
   3.2700000000000000E-012   554606360.01322019     
   3.2800000000000002E-012   550613655.67900264     
   3.2899999999999999E-012   547574785.64283633     
   3.3000000000000001E-012   541831423.00911045     
   3.3099999999999998E-012   529658038.97183639     
   3.3200000000000000E-012   520798819.55187237     
   3.3300000000000001E-012   511938501.88979983     
   3.3399999999999999E-012   503808526.72591025     
   3.3500000000000001E-012   495430390.13014209     
   3.3599999999999998E-012   486822418.24223524     
   3.3700000000000000E-012   479206775.98775518     
   3.3800000000000001E-012   469871489.83521616     
   3.3899999999999999E-012   459132700.43506265     
   3.4000000000000001E-012   449742912.16773289     
   3.4099999999999998E-012   439147437.91920435     
   3.4200000000000000E-012   429384292.04706925     
   3.4300000000000001E-012   419127367.37143904     
   3.4399999999999999E-012   408817712.55006236     
   3.4500000000000000E-012   395111864.42909265     
   3.4599999999999998E-012   379875083.99329138     
   3.4700000000000000E-012   366762781.60898894     
   3.4800000000000001E-012   353678457.78873050     
   3.4899999999999999E-012   343506442.82451749     
   3.5000000000000000E-012   333482744.60197258     
   3.5100000000000002E-012   322095350.73131573     
   3.5199999999999999E-012   312422666.54879922     
   3.5300000000000001E-012   305840235.98606384     
   3.5399999999999999E-012   301957651.89508790     
   3.5500000000000000E-012   298893517.81360823     
   3.5600000000000002E-012   295242733.55566174     
   3.5699999999999999E-012   290820788.13385004     
   3.5800000000000001E-012   283134627.22165173     
   3.5899999999999998E-012   278150807.11824483     
   3.6000000000000000E-012   272643534.75377470     
   3.6100000000000002E-012   268226453.03825673     
   3.6199999999999999E-012   261680377.01965177     
   3.6300000000000001E-012   252773774.53309941     
   3.6399999999999998E-012   246706278.49407905     
   3.6500000000000000E-012   241198811.36409760     
   3.6600000000000002E-012   235564999.82834938     
   3.6700000000000003E-012   230262741.36956888     
   3.6799999999999997E-012   223755905.76750788     
   3.6899999999999998E-012   214893212.51696318     
   3.7000000000000000E-012   204543055.12415463     
   3.7100000000000001E-012   193548309.60814014     
   3.7200000000000003E-012   184048036.29992169     
   3.7299999999999997E-012   171389498.19527265     
   3.7399999999999998E-012   157489348.49941567     
   3.7500000000000000E-012   142865525.04170975     
   3.7600000000000001E-012   128967851.83628006     
   3.7700000000000003E-012   113944548.62949154     
   3.7799999999999996E-012   102822433.62350592     
   3.7899999999999998E-012   94474593.091045469     
   3.8000000000000000E-012   86998311.170455486     
   3.8100000000000001E-012   77356406.540045679     
   3.8200000000000003E-012   68565741.715351611     
   3.8299999999999996E-012   59136915.477102153     
   3.8399999999999998E-012   51151948.285135284     
   3.8500000000000000E-012   41953564.491630636     
   3.8600000000000001E-012   31099472.837790657     
   3.8700000000000003E-012   22810296.269062877     
   3.8799999999999996E-012   12419007.228089640     
   3.8899999999999998E-012   2189541.3342591058     
   3.8999999999999999E-012  -9600320.4441097304     
   3.9100000000000001E-012  -17097243.019481238     
   3.9200000000000003E-012  -24555400.859379660     
   3.9299999999999996E-012  -31598059.215999741     
   3.9399999999999998E-012  -38285661.058386520     
   3.9499999999999999E-012  -40756056.697547510     
   3.9600000000000001E-012  -43988525.250190832     
   3.9700000000000002E-012  -46669377.909715272     
   3.9799999999999996E-012  -47678346.252371565     
   3.9899999999999998E-012  -49981170.259016335     
   3.9999999999999999E-012  -51044529.253697239     
   4.0100000000000001E-012  -52264475.225426979     
   4.0200000000000002E-012  -53541585.993852340     
   4.0300000000000004E-012  -59136144.464581847     
   4.0399999999999997E-012  -61726569.558642544     
   4.0499999999999999E-012  -67764182.076069921     
   4.0600000000000001E-012  -70160429.966414660     
   4.0700000000000002E-012  -71730586.553641915     
   4.0800000000000004E-012  -73246944.600089327     
   4.0899999999999997E-012  -74387093.657152772     
   4.0999999999999999E-012  -72231145.155291349     
   4.1100000000000001E-012  -68229287.953075141     
   4.1200000000000002E-012  -62987589.723860055     
   4.1300000000000004E-012  -58014895.078194916     
   4.1399999999999997E-012  -51677366.992703147     
   4.1499999999999999E-012  -44017602.792121105     
   4.1600000000000000E-012  -38692074.072804973     
   4.1700000000000002E-012  -33567876.728624396     
   4.1800000000000004E-012  -26860119.722509686     
   4.1899999999999997E-012  -19865373.558907583     
   4.1999999999999999E-012  -13162743.771872237     
   4.2100000000000000E-012  -5604559.8839665968     
   4.2200000000000002E-012   971432.67047969776     
   4.2300000000000004E-012   3232369.0179675864     
   4.2399999999999997E-012   4650410.4683486903     
   4.2499999999999999E-012   1817437.0243785381     
   4.2600000000000000E-012  -1822776.5724451584     
   4.2700000000000002E-012  -5808333.5081230141     
   4.2800000000000003E-012  -9222321.0261065792     
   4.2899999999999997E-012  -7730543.6209225859     
   4.2999999999999999E-012  -3731024.0813452811     
   4.3100000000000000E-012  -155833.51871982805     
   4.3200000000000002E-012   2928317.3664777852     
   4.3300000000000003E-012   1786951.8976851413     
   4.3399999999999997E-012   11463.047494864404     
   4.3499999999999998E-012  -3036605.6086229044     
   4.3600000000000000E-012  -6647975.7374075782     
   4.3700000000000002E-012  -9756824.0832303558     
   4.3800000000000003E-012  -12678330.796561284     
   4.3899999999999997E-012  -18309717.120986961     
   4.3999999999999998E-012  -23830359.473838259     
   4.4100000000000000E-012  -30782262.985751696     
   4.4200000000000001E-012  -37566314.246850349     
   4.4300000000000003E-012  -46312196.254509345     
   4.4399999999999997E-012  -56094211.550652124     
   4.4499999999999998E-012  -62815586.929655306     
   4.4600000000000000E-012  -69413931.797544792     
   4.4700000000000001E-012  -75590620.148414165     
   4.4800000000000003E-012  -79595804.171926826     
   4.4899999999999996E-012  -80822897.881318450     
   4.4999999999999998E-012  -79284876.356130973     
   4.5100000000000000E-012  -77274744.518943548     
   4.5200000000000001E-012  -76301419.039930165     
   4.5300000000000003E-012  -75445422.838251442     
   4.5399999999999996E-012  -75399662.933602676     
   4.5499999999999998E-012  -75314214.976945728     
   4.5600000000000000E-012  -75394375.210374743     
   4.5700000000000001E-012  -73055461.832571536     
   4.5800000000000003E-012  -69260461.978587791     
   4.5899999999999996E-012  -65434031.604511924     
   4.5999999999999998E-012  -57944233.127465442     
   4.6099999999999999E-012  -49907594.754183389     
   4.6200000000000001E-012  -43596524.990845203     
   4.6300000000000003E-012  -41174060.274768405     
   4.6399999999999996E-012  -39479382.402190082     
   4.6499999999999998E-012  -35799782.392708197     
   4.6599999999999999E-012  -29518492.002844393     
   4.6700000000000001E-012  -20222637.454296198     
   4.6800000000000003E-012  -13482197.761749784     
   4.6899999999999996E-012  -4879888.9058745233     
   4.6999999999999998E-012   4036475.7424337771     
   4.7099999999999999E-012   13663293.085763589     
   4.7200000000000001E-012   23398156.820067074     
   4.7300000000000002E-012   33667430.279849313     
   4.7399999999999996E-012   40874954.708944201     
   4.7499999999999998E-012   50691424.373531483     
   4.7599999999999999E-012   63717903.960190751     
   4.7700000000000001E-012   74601842.401683614     
   4.7800000000000002E-012   88320222.293245539     
   4.7900000000000004E-012   101582737.56581368     
   4.7999999999999997E-012   114153870.67854147     
   4.8099999999999999E-012   127725947.41700594     
   4.8200000000000001E-012   143187674.91595769     
   4.8300000000000002E-012   160165145.02175501     
   4.8400000000000004E-012   177321268.33576596     
   4.8499999999999997E-012   196591527.45332298     
   4.8599999999999999E-012   212166776.59203735     
   4.8700000000000000E-012   231456738.14697617     
   4.8800000000000002E-012   252208053.76274008     
   4.8900000000000004E-012   273853755.34424019     
   4.8999999999999997E-012   297939680.95502746     
   4.9099999999999999E-012   323839730.12642002     
   4.9200000000000000E-012   350642433.87834448     
   4.9300000000000002E-012   375917570.40168339     
   4.9400000000000004E-012   397214780.79855305     
   4.9499999999999997E-012   418466166.99673635     
   4.9599999999999999E-012   439661882.48116708     
   4.9700000000000000E-012   460583331.44447309     
   4.9800000000000002E-012   476866327.65823889     
   4.9900000000000003E-012   493511390.22459197     
