   0.0000000000000000        1.7945193193191788E-003   0.0000000000000000        0.0000000000000000     
   10000000000.000000        3.9525251667299724E-322   0.0000000000000000        0.0000000000000000     
   20000000000.000000        3.9525251667299724E-323   0.0000000000000000        0.0000000000000000     
   30000000000.000000        9.3206727473318110E-314   0.0000000000000000        0.0000000000000000     
   40000000000.000000        8.6402200144717196E-318   0.0000000000000000        0.0000000000000000     
   50000000000.000000        8.6402200144717196E-318   0.0000000000000000        0.0000000000000000     
   60000000000.000000        8.6402200144717196E-318   0.0000000000000000        0.0000000000000000     
   70000000000.000000        1.5104574924658589E-319   0.0000000000000000        0.0000000000000000     
   80000000000.000000        1.5104574924658589E-319   0.0000000000000000        0.0000000000000000     
   90000000000.000000        1.9762625833649862E-323   0.0000000000000000        0.0000000000000000     
   100000000000.00000        1.3564664329756421E-313   0.0000000000000000        0.0000000000000000     
   110000000000.00000        0.0000000000000000        0.0000000000000000        0.0000000000000000     
   120000000000.00000        0.0000000000000000        0.0000000000000000        0.0000000000000000     
   130000000000.00000        0.0000000000000000        0.0000000000000000        0.0000000000000000     
   140000000000.00000        0.0000000000000000        0.0000000000000000        0.0000000000000000     
   150000000000.00000        0.0000000000000000        0.0000000000000000        0.0000000000000000     
   160000000000.00000        7.9050503334599447E-323   0.0000000000000000        0.0000000000000000     
   170000000000.00000        9.3206727483199423E-314   0.0000000000000000        0.0000000000000000     
   180000000000.00000        9.5902489635469357E-318   0.0000000000000000        0.0000000000000000     
   190000000000.00000        9.6104858924005932E-318   0.0000000000000000        0.0000000000000000     
   200000000000.00000        9.6104858924005932E-318   0.0000000000000000        0.0000000000000000     
   210000000000.00000        2.0055112695987880E-318   0.0000000000000000        0.0000000000000000     
   220000000000.00000        2.0055112695987880E-318   0.0000000000000000        0.0000000000000000     
   230000000000.00000        4.9406564584124654E-324   0.0000000000000000        0.0000000000000000     
   240000000000.00000        6.9225568576918201E-310   0.0000000000000000        0.0000000000000000     
   250000000000.00000        6.9225568678031206E-310   0.0000000000000000        0.0000000000000000     
   260000000000.00000        1.9762625833649862E-323   0.0000000000000000        0.0000000000000000     
   270000000000.00000        8.6906791530164539E-311   0.0000000000000000        0.0000000000000000     
   280000000000.00000        6.9525433225159288E-310   0.0000000000000000        0.0000000000000000     
   290000000000.00000        2.0236928853657458E-320   0.0000000000000000        0.0000000000000000     
   300000000000.00000        6.3669484214850570E-314   0.0000000000000000        0.0000000000000000     
   310000000000.00000        6.9525433224518979E-310   0.0000000000000000        0.0000000000000000     
   320000000000.00000        0.0000000000000000        0.0000000000000000        0.0000000000000000     
   330000000000.00000        6.9525433224518979E-310   0.0000000000000000        0.0000000000000000     
   340000000000.00000        0.0000000000000000        0.0000000000000000        0.0000000000000000     
   350000000000.00000        6.9223746692869113E-310   0.0000000000000000        0.0000000000000000     
   360000000000.00000        1.1916468125174194E-317   0.0000000000000000        0.0000000000000000     
   370000000000.00000        6.9225568576918201E-310   0.0000000000000000        0.0000000000000000     
   380000000000.00000        4.6795053800085828E-310   0.0000000000000000        0.0000000000000000     
   390000000000.00000        6.9225564066636398E-310   0.0000000000000000        0.0000000000000000     
   400000000000.00000        6.3659873743780139E-314   0.0000000000000000        0.0000000000000000     
   410000000000.00000        6.9525070095186182E-310   0.0000000000000000        0.0000000000000000     
   420000000000.00000        3.2759516713149693E-319   0.0000000000000000        0.0000000000000000     
   430000000000.00000        1.7501445473641146E-317   0.0000000000000000        0.0000000000000000     
   440000000000.00000        3.2759516713149693E-319   0.0000000000000000        0.0000000000000000     
   450000000000.00000        1.7501445473641146E-317   0.0000000000000000        0.0000000000000000     
   460000000000.00000        4.9406564584124654E-324   0.0000000000000000        0.0000000000000000     
   470000000000.00000        1.6433117446325701E-319   0.0000000000000000        0.0000000000000000     
   480000000000.00000        0.0000000000000000        0.0000000000000000        0.0000000000000000     
   490000000000.00000        0.0000000000000000        0.0000000000000000        0.0000000000000000     
   500000000000.00000        1.1692676150233943E-317   0.0000000000000000        0.0000000000000000     
   510000000000.00000        2.0236928853657458E-320   0.0000000000000000        0.0000000000000000     
   520000000000.00000        2.2845595463699240E-320   0.0000000000000000        0.0000000000000000     
   530000000000.00000        8.3728270130814273E-315   0.0000000000000000        0.0000000000000000     
   540000000000.00000        3.1290828073855464E-315   0.0000000000000000        0.0000000000000000     
   550000000000.00000        8.3609975153318905E-315   0.0000000000000000        0.0000000000000000     
   560000000000.00000        0.0000000000000000        0.0000000000000000        0.0000000000000000     
   570000000000.00000        8.3694362850199269E-315   0.0000000000000000        0.0000000000000000     
   580000000000.00000        4.2864741761679944E-315   0.0000000000000000        0.0000000000000000     
   590000000000.00000        0.0000000000000000        0.0000000000000000        0.0000000000000000     
   600000000000.00000        0.0000000000000000        0.0000000000000000        0.0000000000000000     
   610000000000.00000        6.9225568686586941E-310   0.0000000000000000        0.0000000000000000     
   620000000000.00000        6.9525433225096047E-310   0.0000000000000000        0.0000000000000000     
   630000000000.00000        6.9225564136616844E-310   0.0000000000000000        0.0000000000000000     
   640000000000.00000        6.9225568576934011E-310   0.0000000000000000        0.0000000000000000     
   650000000000.00000        6.9225568681203601E-310   0.0000000000000000        0.0000000000000000     
   660000000000.00000        6.9225568767256003E-310   0.0000000000000000        0.0000000000000000     
   670000000000.00000        2.1219957909652723E-314   0.0000000000000000        0.0000000000000000     
   680000000000.00000        6.9225568576934011E-310   0.0000000000000000        0.0000000000000000     
   690000000000.00000        6.9223746692869113E-310   0.0000000000000000        0.0000000000000000     
   700000000000.00000        4.9406564584124654E-324   0.0000000000000000        0.0000000000000000     
   710000000000.00000        2.1219957909652723E-314   0.0000000000000000        0.0000000000000000     
   720000000000.00000        6.9225568575005179E-310   0.0000000000000000        0.0000000000000000     
   730000000000.00000        0.0000000000000000        0.0000000000000000        0.0000000000000000     
   740000000000.00000        4.9406564584124654E-324   0.0000000000000000        0.0000000000000000     
   750000000000.00000        2.1219957909652723E-314   0.0000000000000000        0.0000000000000000     
   760000000000.00000        6.9525433225159288E-310   0.0000000000000000        0.0000000000000000     
   770000000000.00000        0.0000000000000000        0.0000000000000000        0.0000000000000000     
   780000000000.00000        0.0000000000000000        0.0000000000000000        0.0000000000000000     
   790000000000.00000        4.9406564584124654E-323   0.0000000000000000        0.0000000000000000     
   800000000000.00000        6.9225568770042533E-310   0.0000000000000000        0.0000000000000000     
   810000000000.00000        6.9225568769627518E-310   0.0000000000000000        0.0000000000000000     
   820000000000.00000        0.0000000000000000        0.0000000000000000        0.0000000000000000     
   830000000000.00000        0.0000000000000000        0.0000000000000000        0.0000000000000000     
   840000000000.00000        6.9225568770042533E-310   0.0000000000000000        0.0000000000000000     
   850000000000.00000        6.9225568576918201E-310   0.0000000000000000        0.0000000000000000     
   860000000000.00000        6.9525433226945829E-310   0.0000000000000000        0.0000000000000000     
   870000000000.00000        0.0000000000000000        0.0000000000000000        0.0000000000000000     
   880000000000.00000        4.1106261733991712E-321   0.0000000000000000        0.0000000000000000     
   890000000000.00000        3.3280039514459023E-294   0.0000000000000000        0.0000000000000000     
   900000000000.00000        0.0000000000000000        0.0000000000000000        0.0000000000000000     
   910000000000.00000        2.1240032957897521E-314   0.0000000000000000        0.0000000000000000     
   920000000000.00000        8.0765899256960255E-319   0.0000000000000000        0.0000000000000000     
   930000000000.00000        3.1620201333839779E-322   0.0000000000000000        0.0000000000000000     
   940000000000.00000        1.1672755423393624E-317   0.0000000000000000        0.0000000000000000     
   950000000000.00000        1.3350986381965695E-307   0.0000000000000000        0.0000000000000000     
   960000000000.00000        1.6688588690032407E-307   0.0000000000000000        0.0000000000000000     
   970000000000.00000        8.4879831668254831E-314   0.0000000000000000        0.0000000000000000     
   980000000000.00000        3.1620201333839779E-322   0.0000000000000000        0.0000000000000000     
   990000000000.00000        3.1620201333839779E-322   0.0000000000000000        0.0000000000000000     
   1000000000000.0000        3.1620201333839779E-322   0.0000000000000000        0.0000000000000000     
   1010000000000.0000        3.8734746633953729E-321   0.0000000000000000        0.0000000000000000     
   1020000000000.0000        3.8734746633953729E-321   0.0000000000000000        0.0000000000000000     
   1030000000000.0000        3.9525251667299724E-323   0.0000000000000000        0.0000000000000000     
   1040000000000.0000        8.4879831653432862E-314   0.0000000000000000        0.0000000000000000     
   1050000000000.0000        8.6400619134650504E-318   0.0000000000000000        0.0000000000000000     
   1060000000000.0000        8.6400619134650504E-318   0.0000000000000000        0.0000000000000000     
   1070000000000.0000        8.6400619134650504E-318   0.0000000000000000        0.0000000000000000     
   1080000000000.0000        1.4821969375237396E-322   0.0000000000000000        0.0000000000000000     
   1090000000000.0000        1.4821969375237396E-322   0.0000000000000000        0.0000000000000000     
   1100000000000.0000        7.9050503334599447E-323   0.0000000000000000        0.0000000000000000     
   1110000000000.0000        8.4879831643551549E-314   0.0000000000000000        0.0000000000000000     
   1120000000000.0000        0.0000000000000000        0.0000000000000000        0.0000000000000000     
   1130000000000.0000        0.0000000000000000        0.0000000000000000        0.0000000000000000     
   1140000000000.0000        0.0000000000000000        0.0000000000000000        0.0000000000000000     
   1150000000000.0000        7.6267925617221547E-319   0.0000000000000000        0.0000000000000000     
   1160000000000.0000        7.6267925617221547E-319   0.0000000000000000        0.0000000000000000     
   1170000000000.0000        2.0236928853657458E-320   0.0000000000000000        0.0000000000000000     
   1180000000000.0000        1.0609978955320427E-313   0.0000000000000000        0.0000000000000000     
   1190000000000.0000        7.6900329643898342E-319   0.0000000000000000        0.0000000000000000     
   1200000000000.0000        7.6900329643898342E-319   0.0000000000000000        0.0000000000000000     
   1210000000000.0000        7.6900329643898342E-319   0.0000000000000000        0.0000000000000000     
   1220000000000.0000        7.0890762160708340E-318   0.0000000000000000        0.0000000000000000     
   1230000000000.0000        7.0890762160708340E-318   0.0000000000000000        0.0000000000000000     
   1240000000000.0000        2.0236928853657458E-320   0.0000000000000000        0.0000000000000000     
   1250000000000.0000        8.4879831643551549E-314   0.0000000000000000        0.0000000000000000     
   1260000000000.0000        7.8721653240727513E-318   0.0000000000000000        0.0000000000000000     
   1270000000000.0000        7.8721653240727513E-318   0.0000000000000000        0.0000000000000000     
   1280000000000.0000        7.8721653240727513E-318   0.0000000000000000        0.0000000000000000     
   1290000000000.0000        1.7070758568848414E-318   0.0000000000000000        0.0000000000000000     
   1300000000000.0000        1.7070758568848414E-318   0.0000000000000000        0.0000000000000000     
   1310000000000.0000        2.0236928853657458E-320   0.0000000000000000        0.0000000000000000     
   1320000000000.0000        1.2731974746285700E-313   0.0000000000000000        0.0000000000000000     
   1330000000000.0000        9.5902489635469357E-318   0.0000000000000000        0.0000000000000000     
   1340000000000.0000        9.6104858924005932E-318   0.0000000000000000        0.0000000000000000     
   1350000000000.0000        9.6104858924005932E-318   0.0000000000000000        0.0000000000000000     
   1360000000000.0000        2.0343251780642495E-318   0.0000000000000000        0.0000000000000000     
   1370000000000.0000        2.3059822327736005E-318   0.0000000000000000        0.0000000000000000     
   1380000000000.0000        2.0236928853657458E-320   0.0000000000000000        0.0000000000000000     
   1390000000000.0000        1.2731974746779765E-313   0.0000000000000000        0.0000000000000000     
   1400000000000.0000        1.1587538980798925E-317   0.0000000000000000        0.0000000000000000     
   1410000000000.0000        1.1607775909652583E-317   0.0000000000000000        0.0000000000000000     
   1420000000000.0000        1.1607775909652583E-317   0.0000000000000000        0.0000000000000000     
   1430000000000.0000        2.6086666100417818E-321   0.0000000000000000        0.0000000000000000     
   1440000000000.0000        2.6086666100417818E-321   0.0000000000000000        0.0000000000000000     
   1450000000000.0000        3.9525251667299724E-323   0.0000000000000000        0.0000000000000000     
   1460000000000.0000        8.4879831658373518E-314   0.0000000000000000        0.0000000000000000     
   1470000000000.0000        4.1896766767337707E-321   0.0000000000000000        0.0000000000000000     
   1480000000000.0000        4.1896766767337707E-321   0.0000000000000000        0.0000000000000000     
   1490000000000.0000        4.1896766767337707E-321   0.0000000000000000        0.0000000000000000     
   1500000000000.0000        3.9525251667299724E-322   0.0000000000000000        0.0000000000000000     
   1510000000000.0000        3.9525251667299724E-322   0.0000000000000000        0.0000000000000000     
   1520000000000.0000        3.9525251667299724E-323   0.0000000000000000        0.0000000000000000     
   1530000000000.0000        8.4879831658373518E-314   0.0000000000000000        0.0000000000000000     
   1540000000000.0000        4.5849291934067679E-321   0.0000000000000000        0.0000000000000000     
   1550000000000.0000        4.5849291934067679E-321   0.0000000000000000        0.0000000000000000     
   1560000000000.0000        4.5849291934067679E-321   0.0000000000000000        0.0000000000000000     
   1570000000000.0000        3.3596463917204765E-322   0.0000000000000000        0.0000000000000000     
   1580000000000.0000        3.3596463917204765E-322   0.0000000000000000        0.0000000000000000     
   1590000000000.0000        1.9762625833649862E-323   0.0000000000000000        0.0000000000000000     
   1600000000000.0000        8.4879831673195488E-314   0.0000000000000000        0.0000000000000000     
   1610000000000.0000        9.5902489635469357E-318   0.0000000000000000        0.0000000000000000     
   1620000000000.0000        9.6104858924005932E-318   0.0000000000000000        0.0000000000000000     
   1630000000000.0000        9.6104858924005932E-318   0.0000000000000000        0.0000000000000000     
   1640000000000.0000        7.9050503334599447E-323   0.0000000000000000        0.0000000000000000     
   1650000000000.0000        6.7192927834409530E-322   0.0000000000000000        0.0000000000000000     
   1660000000000.0000        3.9525251667299724E-323   0.0000000000000000        0.0000000000000000     
   1670000000000.0000        9.3206727488140080E-314   0.0000000000000000        0.0000000000000000     
   1680000000000.0000        4.1896766767337707E-321   0.0000000000000000        0.0000000000000000     
   1690000000000.0000        4.1896766767337707E-321   0.0000000000000000        0.0000000000000000     
   1700000000000.0000        4.1896766767337707E-321   0.0000000000000000        0.0000000000000000     
   1710000000000.0000        3.9525251667299724E-322   0.0000000000000000        0.0000000000000000     
   1720000000000.0000        3.9525251667299724E-322   0.0000000000000000        0.0000000000000000     
   1730000000000.0000        3.9525251667299724E-323   0.0000000000000000        0.0000000000000000     
   1740000000000.0000        9.3206727473318110E-314   0.0000000000000000        0.0000000000000000     
   1750000000000.0000        8.6402200144717196E-318   0.0000000000000000        0.0000000000000000     
   1760000000000.0000        8.6402200144717196E-318   0.0000000000000000        0.0000000000000000     
   1770000000000.0000        8.6402200144717196E-318   0.0000000000000000        0.0000000000000000     
   1780000000000.0000        1.5104574924658589E-319   0.0000000000000000        0.0000000000000000     
   1790000000000.0000        1.5104574924658589E-319   0.0000000000000000        0.0000000000000000     
   1800000000000.0000        1.9762625833649862E-323   0.0000000000000000        0.0000000000000000     
   1810000000000.0000        1.3564664329756421E-313   0.0000000000000000        0.0000000000000000     
   1820000000000.0000        0.0000000000000000        0.0000000000000000        0.0000000000000000     
   1830000000000.0000        0.0000000000000000        0.0000000000000000        0.0000000000000000     
   1840000000000.0000        0.0000000000000000        0.0000000000000000        0.0000000000000000     
   1850000000000.0000        0.0000000000000000        0.0000000000000000        0.0000000000000000     
   1860000000000.0000        0.0000000000000000        0.0000000000000000        0.0000000000000000     
   1870000000000.0000        6.9525433225910268E-310   0.0000000000000000        0.0000000000000000     
   1880000000000.0000        6.9525433226471526E-310   0.0000000000000000        0.0000000000000000     
   1890000000000.0000        6.9225564136616844E-310   0.0000000000000000        0.0000000000000000     
   1900000000000.0000        0.0000000000000000        0.0000000000000000        0.0000000000000000     
   1910000000000.0000        6.9225568576934011E-310   0.0000000000000000        0.0000000000000000     
   1920000000000.0000        0.0000000000000000        0.0000000000000000        0.0000000000000000     
   1930000000000.0000        6.9225568669069843E-310   0.0000000000000000        0.0000000000000000     
   1940000000000.0000        6.9225565226995021E-310   0.0000000000000000        0.0000000000000000     
   1950000000000.0000        6.9225568666688447E-310   0.0000000000000000        0.0000000000000000     
   1960000000000.0000        6.9525433225894457E-310   0.0000000000000000        0.0000000000000000     
   1970000000000.0000        6.9225568669043658E-310   0.0000000000000000        0.0000000000000000     
   1980000000000.0000        6.9525433225910268E-310   0.0000000000000000        0.0000000000000000     
   1990000000000.0000        0.0000000000000000        0.0000000000000000        0.0000000000000000     
   2000000000000.0000        6.9525433225720546E-310   0.0000000000000000        0.0000000000000000     
   2010000000000.0000        6.9225568577684991E-310   0.0000000000000000        0.0000000000000000     
   2020000000000.0000        6.9225568769627518E-310   0.0000000000000000        0.0000000000000000     
   2030000000000.0000        6.9225568699165852E-310   0.0000000000000000        0.0000000000000000     
   2040000000000.0000        6.9225568769627518E-310   0.0000000000000000        0.0000000000000000     
   2050000000000.0000        6.9225568575005179E-310   0.0000000000000000        0.0000000000000000     
   2060000000000.0000        6.9225568575653393E-310   0.0000000000000000        0.0000000000000000     
   2070000000000.0000        6.9225568576293702E-310   0.0000000000000000        0.0000000000000000     
   2080000000000.0000        6.9225568576934011E-310   0.0000000000000000        0.0000000000000000     
   2090000000000.0000        6.9225568768607767E-310   0.0000000000000000        0.0000000000000000     
   2100000000000.0000                            NaN   0.0000000000000000        0.0000000000000000     
   2110000000000.0000       -1.2736905632960753E+303   0.0000000000000000        0.0000000000000000     
   2120000000000.0000        6.9225568575005179E-310   0.0000000000000000        0.0000000000000000     
   2130000000000.0000        0.0000000000000000        0.0000000000000000        0.0000000000000000     
   2140000000000.0000                            NaN   0.0000000000000000        0.0000000000000000     
   2150000000000.0000        0.0000000000000000        0.0000000000000000        0.0000000000000000     
   2160000000000.0000        6.9225568769627518E-310   0.0000000000000000        0.0000000000000000     
   2170000000000.0000        0.0000000000000000        0.0000000000000000        0.0000000000000000     
   2180000000000.0000                            NaN   0.0000000000000000        0.0000000000000000     
   2190000000000.0000        6.9525433225641496E-310   0.0000000000000000        0.0000000000000000     
   2200000000000.0000        6.9225568769627518E-310   0.0000000000000000        0.0000000000000000     
   2210000000000.0000        0.0000000000000000        0.0000000000000000        0.0000000000000000     
   2220000000000.0000        6.9525433225617781E-310   0.0000000000000000        0.0000000000000000     
   2230000000000.0000        0.0000000000000000        0.0000000000000000        0.0000000000000000     
   2240000000000.0000        6.9225568769627518E-310   0.0000000000000000        0.0000000000000000     
   2250000000000.0000        2.9643938750474793E-323   0.0000000000000000        0.0000000000000000     
   2260000000000.0000        0.0000000000000000        0.0000000000000000        0.0000000000000000     
   2270000000000.0000        2.9643938750474793E-323   0.0000000000000000        0.0000000000000000     
   2280000000000.0000        6.9225568577684991E-310   0.0000000000000000        0.0000000000000000     
   2290000000000.0000        0.0000000000000000        0.0000000000000000        0.0000000000000000     
   2300000000000.0000        6.9525433226471526E-310   0.0000000000000000        0.0000000000000000     
   2310000000000.0000        6.9225568670444828E-310   0.0000000000000000        0.0000000000000000     
   2320000000000.0000        6.9223746692869608E-310   0.0000000000000000        0.0000000000000000     
   2330000000000.0000        6.9225568768607767E-310   0.0000000000000000        0.0000000000000000     
   2340000000000.0000        0.0000000000000000        0.0000000000000000        0.0000000000000000     
   2350000000000.0000        6.9225568669623197E-310   0.0000000000000000        0.0000000000000000     
   2360000000000.0000        4.6794251182366679E-310   0.0000000000000000        0.0000000000000000     
   2370000000000.0000        6.9225568576934011E-310   0.0000000000000000        0.0000000000000000     
   2380000000000.0000        6.9525433225728451E-310   0.0000000000000000        0.0000000000000000     
   2390000000000.0000        6.9225568669623197E-310   0.0000000000000000        0.0000000000000000     
   2400000000000.0000        4.6794251182366679E-310   0.0000000000000000        0.0000000000000000     
   2410000000000.0000        6.9225568576293702E-310   0.0000000000000000        0.0000000000000000     
   2420000000000.0000        6.9525433225744261E-310   0.0000000000000000        0.0000000000000000     
   2430000000000.0000        6.9225568669623197E-310   0.0000000000000000        0.0000000000000000     
   2440000000000.0000        4.6794251182366679E-310   0.0000000000000000        0.0000000000000000     
   2450000000000.0000        6.9225568575653393E-310   0.0000000000000000        0.0000000000000000     
   2460000000000.0000        6.9525433225760072E-310   0.0000000000000000        0.0000000000000000     
   2470000000000.0000        6.9225568669623197E-310   0.0000000000000000        0.0000000000000000     
   2480000000000.0000        4.6794251182366679E-310   0.0000000000000000        0.0000000000000000     
   2490000000000.0000        6.9225568575005179E-310   0.0000000000000000        0.0000000000000000     
   2500000000000.0000        6.9525433225775882E-310   0.0000000000000000        0.0000000000000000     
   2510000000000.0000        6.9225568669623197E-310   0.0000000000000000        0.0000000000000000     
   2520000000000.0000        4.9406564584124654E-324   0.0000000000000000        0.0000000000000000     
   2530000000000.0000        6.9225568769627518E-310   0.0000000000000000        0.0000000000000000     
   2540000000000.0000        6.9525433225791692E-310   0.0000000000000000        0.0000000000000000     
   2550000000000.0000        0.0000000000000000        0.0000000000000000        0.0000000000000000     
   2560000000000.0000        0.0000000000000000        0.0000000000000000        0.0000000000000000     
   2570000000000.0000        0.0000000000000000        0.0000000000000000        0.0000000000000000     
   2580000000000.0000        0.0000000000000000        0.0000000000000000        0.0000000000000000     
   2590000000000.0000        0.0000000000000000        0.0000000000000000        0.0000000000000000     
   2600000000000.0000        6.9525433225744261E-310   0.0000000000000000        0.0000000000000000     
   2610000000000.0000        4.2439915819305446E-314   0.0000000000000000        0.0000000000000000     
   2620000000000.0000        6.9525433225807502E-310   0.0000000000000000        0.0000000000000000     
   2630000000000.0000        6.9525433225941888E-310   0.0000000000000000        0.0000000000000000     
   2640000000000.0000        6.9525433225744261E-310   0.0000000000000000        0.0000000000000000     
   2650000000000.0000        6.9225568769627518E-310   0.0000000000000000        0.0000000000000000     
   2660000000000.0000        0.0000000000000000        0.0000000000000000        0.0000000000000000     
   2670000000000.0000        2.9643938750474793E-323   0.0000000000000000        0.0000000000000000     
   2680000000000.0000        6.9525433225728451E-310   0.0000000000000000        0.0000000000000000     
   2690000000000.0000        0.0000000000000000        0.0000000000000000        0.0000000000000000     
   2700000000000.0000        6.9225568769627518E-310   0.0000000000000000        0.0000000000000000     
   2710000000000.0000        0.0000000000000000        0.0000000000000000        0.0000000000000000     
   2720000000000.0000        0.0000000000000000        0.0000000000000000        0.0000000000000000     
   2730000000000.0000        0.0000000000000000        0.0000000000000000        0.0000000000000000     
   2740000000000.0000        0.0000000000000000        0.0000000000000000        0.0000000000000000     
   2750000000000.0000        0.0000000000000000        0.0000000000000000        0.0000000000000000     
   2760000000000.0000        0.0000000000000000        0.0000000000000000        0.0000000000000000     
   2770000000000.0000        0.0000000000000000        0.0000000000000000        0.0000000000000000     
   2780000000000.0000        6.9225568576934011E-310   0.0000000000000000        0.0000000000000000     
   2790000000000.0000        0.0000000000000000        0.0000000000000000        0.0000000000000000     
   2800000000000.0000        6.9225564120426313E-310   0.0000000000000000        0.0000000000000000     
   2810000000000.0000        6.9225564136616844E-310   0.0000000000000000        0.0000000000000000     
   2820000000000.0000        6.9225568768607767E-310   0.0000000000000000        0.0000000000000000     
   2830000000000.0000        0.0000000000000000        0.0000000000000000        0.0000000000000000     
   2840000000000.0000        6.9525433225941888E-310   0.0000000000000000        0.0000000000000000     
   2850000000000.0000        5.0592322134143646E-321   0.0000000000000000        0.0000000000000000     
   2860000000000.0000        6.9225568768607767E-310   0.0000000000000000        0.0000000000000000     
   2870000000000.0000        0.0000000000000000        0.0000000000000000        0.0000000000000000     
   2880000000000.0000        0.0000000000000000        0.0000000000000000        0.0000000000000000     
   2890000000000.0000        6.9225568768607767E-310   0.0000000000000000        0.0000000000000000     
   2900000000000.0000        0.0000000000000000        0.0000000000000000        0.0000000000000000     
   2910000000000.0000        0.0000000000000000        0.0000000000000000        0.0000000000000000     
   2920000000000.0000        0.0000000000000000        0.0000000000000000        0.0000000000000000     
   2930000000000.0000        0.0000000000000000        0.0000000000000000        0.0000000000000000     
   2940000000000.0000        0.0000000000000000        0.0000000000000000        0.0000000000000000     
   2950000000000.0000        0.0000000000000000        0.0000000000000000        0.0000000000000000     
   2960000000000.0000        0.0000000000000000        0.0000000000000000        0.0000000000000000     
   2970000000000.0000        0.0000000000000000        0.0000000000000000        0.0000000000000000     
   2980000000000.0000        0.0000000000000000        0.0000000000000000        0.0000000000000000     
   2990000000000.0000        0.0000000000000000        0.0000000000000000        0.0000000000000000     
   3000000000000.0000        0.0000000000000000        0.0000000000000000        0.0000000000000000     
   3010000000000.0000        6.9225568682887377E-310   0.0000000000000000        0.0000000000000000     
   3020000000000.0000        6.9525433698537417E-310   0.0000000000000000        0.0000000000000000     
   3030000000000.0000        6.9225568770362688E-310   0.0000000000000000        0.0000000000000000     
   3040000000000.0000        1.0785653268817389E-314   0.0000000000000000        0.0000000000000000     
   3050000000000.0000        6.9525433698383268E-310   0.0000000000000000        0.0000000000000000     
   3060000000000.0000        6.9525433698367458E-310   0.0000000000000000        0.0000000000000000     
   3070000000000.0000        6.9225568683439248E-310   0.0000000000000000        0.0000000000000000     
   3080000000000.0000        2.9643938750474793E-323   0.0000000000000000        0.0000000000000000     
   3090000000000.0000        6.9525433698537417E-310   0.0000000000000000        0.0000000000000000     
   3100000000000.0000        6.9225568770362688E-310   0.0000000000000000        0.0000000000000000     
   3110000000000.0000        6.9525433226111846E-310   0.0000000000000000        0.0000000000000000     
   3120000000000.0000        6.9525433226109870E-310   0.0000000000000000        0.0000000000000000     
   3130000000000.0000        6.9225568682887377E-310   0.0000000000000000        0.0000000000000000     
   3140000000000.0000        6.9225568665363857E-310   0.0000000000000000        0.0000000000000000     
   3150000000000.0000        6.9225568768607767E-310   0.0000000000000000        0.0000000000000000     
   3160000000000.0000        7.2123493891323851E-315   0.0000000000000000        0.0000000000000000     
   3170000000000.0000        6.9225568664901411E-310   0.0000000000000000        0.0000000000000000     
   3180000000000.0000        6.9225568664887578E-310   0.0000000000000000        0.0000000000000000     
   3190000000000.0000        6.9225568683439248E-310   0.0000000000000000        0.0000000000000000     
   3200000000000.0000        1.6304166312761136E-322   0.0000000000000000        0.0000000000000000     
   3210000000000.0000        6.9225568665363857E-310   0.0000000000000000        0.0000000000000000     
   3220000000000.0000        6.9225568768607767E-310   0.0000000000000000        0.0000000000000000     
   3230000000000.0000        6.9525433226159277E-310   0.0000000000000000        0.0000000000000000     
   3240000000000.0000        6.9525433226157300E-310   0.0000000000000000        0.0000000000000000     
   3250000000000.0000        0.0000000000000000        0.0000000000000000        0.0000000000000000     
   3260000000000.0000        0.0000000000000000        0.0000000000000000        0.0000000000000000     
   3270000000000.0000        6.9225568682887377E-310   0.0000000000000000        0.0000000000000000     
   3280000000000.0000        6.9225566165364021E-310   0.0000000000000000        0.0000000000000000     
   3290000000000.0000        6.9225568575005179E-310   0.0000000000000000        0.0000000000000000     
   3300000000000.0000        7.3813358576183295E-316   0.0000000000000000        0.0000000000000000     
   3310000000000.0000        6.9225566144387970E-310   0.0000000000000000        0.0000000000000000     
   3320000000000.0000        6.9225566143967026E-310   0.0000000000000000        0.0000000000000000     
   3330000000000.0000        6.9225568683439248E-310   0.0000000000000000        0.0000000000000000     
   3340000000000.0000        7.6876614492897962E-321   0.0000000000000000        0.0000000000000000     
   3350000000000.0000        6.9225566165364021E-310   0.0000000000000000        0.0000000000000000     
   3360000000000.0000        6.9225568575005179E-310   0.0000000000000000        0.0000000000000000     
   3370000000000.0000        6.9525433226214612E-310   0.0000000000000000        0.0000000000000000     
   3380000000000.0000        6.9525433226212636E-310   0.0000000000000000        0.0000000000000000     
   3390000000000.0000        6.9225564083904981E-310   0.0000000000000000        0.0000000000000000     
   3400000000000.0000        1.8173888619782167E-314   0.0000000000000000        0.0000000000000000     
   3410000000000.0000        4.6795053800026046E-310   0.0000000000000000        0.0000000000000000     
   3420000000000.0000        4.6795053799857569E-310   0.0000000000000000        0.0000000000000000     
   3430000000000.0000        6.9223747846202617E-310   0.0000000000000000        0.0000000000000000     
   3440000000000.0000        6.9525433226321330E-310   0.0000000000000000        0.0000000000000000     
   3450000000000.0000        6.9525433226317378E-310   0.0000000000000000        0.0000000000000000     
   3460000000000.0000        6.9225568577712659E-310   0.0000000000000000        0.0000000000000000     
   3470000000000.0000        2.9643938750474793E-323   0.0000000000000000        0.0000000000000000     
   3480000000000.0000        6.9525070095186182E-310   0.0000000000000000        0.0000000000000000     
   3490000000000.0000        6.9225568684675895E-310   0.0000000000000000        0.0000000000000000     
   3500000000000.0000        2.4703282292062327E-323   0.0000000000000000        0.0000000000000000     
   3510000000000.0000        6.9225568017058821E-310   0.0000000000000000        0.0000000000000000     
   3520000000000.0000        4.4465908125712189E-323   0.0000000000000000        0.0000000000000000     
   3530000000000.0000        0.0000000000000000        0.0000000000000000        0.0000000000000000     
   3540000000000.0000        0.0000000000000000        0.0000000000000000        0.0000000000000000     
   3550000000000.0000        0.0000000000000000        0.0000000000000000        0.0000000000000000     
   3560000000000.0000        6.9525070095186182E-310   0.0000000000000000        0.0000000000000000     
   3570000000000.0000        4.6795053800026046E-310   0.0000000000000000        0.0000000000000000     
   3580000000000.0000        6.9225568770074154E-310   0.0000000000000000        0.0000000000000000     
   3590000000000.0000        6.9225568577764042E-310   0.0000000000000000        0.0000000000000000     
   3600000000000.0000        6.9225568769627518E-310   0.0000000000000000        0.0000000000000000     
   3610000000000.0000        7.3813358576183295E-316   0.0000000000000000        0.0000000000000000     
   3620000000000.0000        6.9525433226384571E-310   0.0000000000000000        0.0000000000000000     
   3630000000000.0000        6.9225568684675895E-310   0.0000000000000000        0.0000000000000000     
   3640000000000.0000        4.9406564584124654E-324   0.0000000000000000        0.0000000000000000     
   3650000000000.0000        6.9225568577764042E-310   0.0000000000000000        0.0000000000000000     
   3660000000000.0000        4.9406564584124654E-324   0.0000000000000000        0.0000000000000000     
   3670000000000.0000        0.0000000000000000        0.0000000000000000        0.0000000000000000     
   3680000000000.0000        4.9406564584124654E-324   0.0000000000000000        0.0000000000000000     
   3690000000000.0000        6.9225568769627518E-310   0.0000000000000000        0.0000000000000000     
   3700000000000.0000        6.9525433226416191E-310   0.0000000000000000        0.0000000000000000     
   3710000000000.0000        6.9525433226317378E-310   0.0000000000000000        0.0000000000000000     
   3720000000000.0000        4.9406564584124654E-324   0.0000000000000000        0.0000000000000000     
   3730000000000.0000        6.9525433226321330E-310   0.0000000000000000        0.0000000000000000     
   3740000000000.0000        6.9225568770074154E-310   0.0000000000000000        0.0000000000000000     
   3750000000000.0000        0.0000000000000000        0.0000000000000000        0.0000000000000000     
   3760000000000.0000        6.9525433226471526E-310   0.0000000000000000        0.0000000000000000     
   3770000000000.0000        6.9225568665292711E-310   0.0000000000000000        0.0000000000000000     
   3780000000000.0000        2.9643938750474793E-323   0.0000000000000000        0.0000000000000000     
   3790000000000.0000        7.0025861104818380E-313   0.0000000000000000        0.0000000000000000     
   3800000000000.0000        6.9225568768607767E-310   0.0000000000000000        0.0000000000000000     
   3810000000000.0000        2.1219957904712067E-314   0.0000000000000000        0.0000000000000000     
   3820000000000.0000        6.9225566162838358E-310   0.0000000000000000        0.0000000000000000     
   3830000000000.0000        6.9225568575005179E-310   0.0000000000000000        0.0000000000000000     
   3840000000000.0000        6.9225568665363857E-310   0.0000000000000000        0.0000000000000000     
   3850000000000.0000        6.9225564120426313E-310   0.0000000000000000        0.0000000000000000     
   3860000000000.0000        6.9225568578005146E-310   0.0000000000000000        0.0000000000000000     
   3870000000000.0000        6.9525433226416191E-310   0.0000000000000000        0.0000000000000000     
   3880000000000.0000        6.9225568576918201E-310   0.0000000000000000        0.0000000000000000     
   3890000000000.0000        6.9225568769627518E-310   0.0000000000000000        0.0000000000000000     
   3900000000000.0000        4.4465908125712189E-323   0.0000000000000000        0.0000000000000000     
   3910000000000.0000        4.6795053800410923E-310   0.0000000000000000        0.0000000000000000     
   3920000000000.0000        4.6795053807331794E-310   0.0000000000000000        0.0000000000000000     
   3930000000000.0000        6.9225568767256003E-310   0.0000000000000000        0.0000000000000000     
   3940000000000.0000        4.6795053806999782E-310   0.0000000000000000        0.0000000000000000     
   3950000000000.0000        6.9225568697616462E-310   0.0000000000000000        0.0000000000000000     
   3960000000000.0000        4.9406564584124654E-324   0.0000000000000000        0.0000000000000000     
   3970000000000.0000        0.0000000000000000        0.0000000000000000        0.0000000000000000     
   3980000000000.0000        6.9225566162838358E-310   0.0000000000000000        0.0000000000000000     
   3990000000000.0000        6.9225566202003929E-310   0.0000000000000000        0.0000000000000000     
   4000000000000.0000        6.9525433226787728E-310   0.0000000000000000        0.0000000000000000     
   4010000000000.0000        6.9525433226811443E-310   0.0000000000000000        0.0000000000000000     
   4020000000000.0000        0.0000000000000000        0.0000000000000000        0.0000000000000000     
   4030000000000.0000        6.9525433226957687E-310   0.0000000000000000        0.0000000000000000     
   4040000000000.0000        6.9225568767256003E-310   0.0000000000000000        0.0000000000000000     
   4050000000000.0000        6.9225568702212261E-310   0.0000000000000000        0.0000000000000000     
   4060000000000.0000        4.6795053803312076E-310   0.0000000000000000        0.0000000000000000     
   4070000000000.0000        4.6795053806999782E-310   0.0000000000000000        0.0000000000000000     
   4080000000000.0000        6.9525433226949782E-310   0.0000000000000000        0.0000000000000000     
   4090000000000.0000        4.6795053803312076E-310   0.0000000000000000        0.0000000000000000     
   4100000000000.0000        3.4584595208887258E-323   0.0000000000000000        0.0000000000000000     
   4110000000000.0000        0.0000000000000000        0.0000000000000000        0.0000000000000000     
   4120000000000.0000        6.9225568673842023E-310   0.0000000000000000        0.0000000000000000     
   4130000000000.0000       -3.2521921616326610E+190   0.0000000000000000        0.0000000000000000     
   4140000000000.0000        4.9406564584124654E-324   0.0000000000000000        0.0000000000000000     
   4150000000000.0000        6.9225564767467529E-310   0.0000000000000000        0.0000000000000000     
   4160000000000.0000        4.1445230292290475E-317   0.0000000000000000        0.0000000000000000     
   4170000000000.0000        1.3906499416489327E-309   0.0000000000000000        0.0000000000000000     
   4180000000000.0000        6.9225566201845828E-310   0.0000000000000000        0.0000000000000000     
   4190000000000.0000        1.6578092116916190E-315   0.0000000000000000        0.0000000000000000     
   4200000000000.0000        6.9225566201845828E-310   0.0000000000000000        0.0000000000000000     
   4210000000000.0000        1.6578092116916190E-315   0.0000000000000000        0.0000000000000000     
   4220000000000.0000        6.9225564192579660E-310   0.0000000000000000        0.0000000000000000     
   4230000000000.0000        8.2890460584580950E-317   0.0000000000000000        0.0000000000000000     
   4240000000000.0000        0.0000000000000000        0.0000000000000000        0.0000000000000000     
   4250000000000.0000        0.0000000000000000        0.0000000000000000        0.0000000000000000     
   4260000000000.0000        4.2439915829186759E-314   0.0000000000000000        0.0000000000000000     
   4270000000000.0000        2.5889177554382168E-312   0.0000000000000000        0.0000000000000000     
   4280000000000.0000        1.2731974746285700E-313   0.0000000000000000        0.0000000000000000     
   4290000000000.0000        6.9225564613419342E-310   0.0000000000000000        0.0000000000000000     
   4300000000000.0000        6.9225565229176815E-310   0.0000000000000000        0.0000000000000000     
   4310000000000.0000        6.9225564382336441E-310   0.0000000000000000        0.0000000000000000     
   4320000000000.0000        0.0000000000000000        0.0000000000000000        0.0000000000000000     
   4330000000000.0000        4.6795062867527370E-310   0.0000000000000000        0.0000000000000000     
   4340000000000.0000        1.2142157312194475E-319   0.0000000000000000        0.0000000000000000     
   4350000000000.0000        6.9225564379940716E-310   0.0000000000000000        0.0000000000000000     
   4360000000000.0000        6.9225565229224246E-310   0.0000000000000000        0.0000000000000000     
   4370000000000.0000        1.3262473693532952E-315   0.0000000000000000        0.0000000000000000     
   4380000000000.0000        4.9406564584124654E-323   0.0000000000000000        0.0000000000000000     
   4390000000000.0000        0.0000000000000000        0.0000000000000000        0.0000000000000000     
   4400000000000.0000        0.0000000000000000        0.0000000000000000        0.0000000000000000     
   4410000000000.0000        0.0000000000000000        0.0000000000000000        0.0000000000000000     
   4420000000000.0000        0.0000000000000000        0.0000000000000000        0.0000000000000000     
   4430000000000.0000        0.0000000000000000        0.0000000000000000        0.0000000000000000     
   4440000000000.0000        3.8608054682824502E-081   0.0000000000000000        0.0000000000000000     
   4450000000000.0000        4.0170929385108262E-057   0.0000000000000000        0.0000000000000000     
   4460000000000.0000        1.2598673968951787E-321   0.0000000000000000        0.0000000000000000     
   4470000000000.0000        0.0000000000000000        0.0000000000000000        0.0000000000000000     
   4480000000000.0000        0.0000000000000000        0.0000000000000000        0.0000000000000000     
   4490000000000.0000        0.0000000000000000        0.0000000000000000        0.0000000000000000     
   4500000000000.0000        1.2598673968951787E-321   0.0000000000000000        0.0000000000000000     
   4510000000000.0000        0.0000000000000000        0.0000000000000000        0.0000000000000000     
   4520000000000.0000        3.8608215543999173E-081   0.0000000000000000        0.0000000000000000     
   4530000000000.0000        1.4170367861523689E+195   0.0000000000000000        0.0000000000000000     
   4540000000000.0000        0.0000000000000000        0.0000000000000000        0.0000000000000000     
   4550000000000.0000        0.0000000000000000        0.0000000000000000        0.0000000000000000     
   4560000000000.0000        0.0000000000000000        0.0000000000000000        0.0000000000000000     
   4570000000000.0000       -3.2521921616326610E+190   0.0000000000000000        0.0000000000000000     
   4580000000000.0000        0.0000000000000000        0.0000000000000000        0.0000000000000000     
   4590000000000.0000       -3.2521921616326610E+190   0.0000000000000000        0.0000000000000000     
   4600000000000.0000        6.9225566201845828E-310   0.0000000000000000        0.0000000000000000     
   4610000000000.0000        6.9225564192443298E-310   0.0000000000000000        0.0000000000000000     
   4620000000000.0000        6.9225566201845828E-310   0.0000000000000000        0.0000000000000000     
   4630000000000.0000        8.2890460584580950E-317   0.0000000000000000        0.0000000000000000     
   4640000000000.0000        0.0000000000000000        0.0000000000000000        0.0000000000000000     
   4650000000000.0000        0.0000000000000000        0.0000000000000000        0.0000000000000000     
   4660000000000.0000        4.2439915829186759E-314   0.0000000000000000        0.0000000000000000     
   4670000000000.0000        2.5889177554382168E-312   0.0000000000000000        0.0000000000000000     
   4680000000000.0000        1.2731974746285700E-313   0.0000000000000000        0.0000000000000000     
   4690000000000.0000        6.9225564613419342E-310   0.0000000000000000        0.0000000000000000     
   4700000000000.0000        6.9225565229176815E-310   0.0000000000000000        0.0000000000000000     
   4710000000000.0000        6.9225564382336441E-310   0.0000000000000000        0.0000000000000000     
   4720000000000.0000        0.0000000000000000        0.0000000000000000        0.0000000000000000     
   4730000000000.0000        4.6795062867527370E-310   0.0000000000000000        0.0000000000000000     
   4740000000000.0000        1.2142157312194475E-319   0.0000000000000000        0.0000000000000000     
   4750000000000.0000        6.9225564379940716E-310   0.0000000000000000        0.0000000000000000     
   4760000000000.0000        6.9225565229224246E-310   0.0000000000000000        0.0000000000000000     
   4770000000000.0000        1.3262473693532952E-315   0.0000000000000000        0.0000000000000000     
   4780000000000.0000        4.9406564584124654E-323   0.0000000000000000        0.0000000000000000     
   4790000000000.0000       -1.3262473693532952E-315   0.0000000000000000        0.0000000000000000     
   4800000000000.0000        0.0000000000000000        0.0000000000000000        0.0000000000000000     
   4810000000000.0000        0.0000000000000000        0.0000000000000000        0.0000000000000000     
   4820000000000.0000        0.0000000000000000        0.0000000000000000        0.0000000000000000     
   4830000000000.0000        0.0000000000000000        0.0000000000000000        0.0000000000000000     
   4840000000000.0000        3.8608054682824502E-081   0.0000000000000000        0.0000000000000000     
   4850000000000.0000        4.0170929385108262E-057   0.0000000000000000        0.0000000000000000     
   4860000000000.0000        1.2598673968951787E-321   0.0000000000000000        0.0000000000000000     
   4870000000000.0000        0.0000000000000000        0.0000000000000000        0.0000000000000000     
   4880000000000.0000        0.0000000000000000        0.0000000000000000        0.0000000000000000     
   4890000000000.0000        0.0000000000000000        0.0000000000000000        0.0000000000000000     
   4900000000000.0000        1.2598673968951787E-321   0.0000000000000000        0.0000000000000000     
   4910000000000.0000        0.0000000000000000        0.0000000000000000        0.0000000000000000     
   4920000000000.0000        3.8608215543999173E-081   0.0000000000000000        0.0000000000000000     
   4930000000000.0000        1.4170367861523689E+195   0.0000000000000000        0.0000000000000000     
   4940000000000.0000        0.0000000000000000        0.0000000000000000        0.0000000000000000     
   4950000000000.0000        0.0000000000000000        0.0000000000000000        0.0000000000000000     
   4960000000000.0000        0.0000000000000000        0.0000000000000000        0.0000000000000000     
   4970000000000.0000       -3.2521921616326610E+190   0.0000000000000000        0.0000000000000000     
   4980000000000.0000        0.0000000000000000        0.0000000000000000        0.0000000000000000     
   4990000000000.0000       -3.2521910730278167E+190   0.0000000000000000        0.0000000000000000     
   5000000000000.0000        0.0000000000000000        0.0000000000000000        0.0000000000000000     
