   0.0000000000000000        2.9450437695398794E-002
   10000000000.000000        2.9398639169643762E-002
   20000000000.000000        2.9253176017825476E-002
   30000000000.000000        2.9042953867461301E-002
   40000000000.000000        2.8813254506688181E-002
   50000000000.000000        2.8621660310801392E-002
   60000000000.000000        2.8532855997638072E-002
   70000000000.000000        2.8612761286236289E-002
   80000000000.000000        2.8922505902136450E-002
   90000000000.000000        2.9512771368514781E-002
   100000000000.00000        3.0418991087552961E-002
   110000000000.00000        3.1657824352057683E-002
   120000000000.00000        3.3225207919263172E-002
   130000000000.00000        3.5096150587820424E-002
   140000000000.00000        3.7226284089892869E-002
   150000000000.00000        3.9555030979288655E-002
   160000000000.00000        4.2010110495991217E-002
   170000000000.00000        4.4512988854104846E-002
   180000000000.00000        4.6984800993760019E-002
   190000000000.00000        4.9352233365377002E-002
   200000000000.00000        5.1552864840775148E-002
   210000000000.00000        5.3539514434785794E-002
   220000000000.00000        5.5283235340794656E-002
   230000000000.00000        5.6774716552799642E-002
   240000000000.00000        5.8023995089220064E-002
   250000000000.00000        5.9058530869848642E-002
   260000000000.00000        5.9919839380799422E-002
   270000000000.00000        6.0659001763014538E-002
   280000000000.00000        6.1331466985175477E-002
   290000000000.00000        6.1991618116315476E-002
   300000000000.00000        6.2687589612468814E-002
   310000000000.00000        6.3456794006344672E-002
   320000000000.00000        6.4322547347145348E-002
   330000000000.00000        6.5292079678396231E-002
   340000000000.00000        6.6356089250347236E-002
   350000000000.00000        6.7489858643451958E-002
   360000000000.00000        6.8655810199708192E-002
   370000000000.00000        6.9807249713578060E-002
   380000000000.00000        7.0892942617136148E-002
   390000000000.00000        7.1862095086445685E-002
   400000000000.00000        7.2669279761695446E-002
   410000000000.00000        7.3278854728686019E-002
   420000000000.00000        7.3668473914812044E-002
   430000000000.00000        7.3831372344437193E-002
   440000000000.00000        7.3777222841099555E-002
   450000000000.00000        7.3531491386086251E-002
   460000000000.00000        7.3133354585499161E-002
   470000000000.00000        7.2632372288679914E-002
   480000000000.00000        7.2084219757289486E-002
   490000000000.00000        7.1545867046870146E-002
   500000000000.00000        7.1070641164870274E-002
   510000000000.00000        7.0703615068425915E-002
   520000000000.00000        7.0477736179961337E-002
   530000000000.00000        7.0411038922582006E-002
   540000000000.00000        7.0505187173457259E-002
   550000000000.00000        7.0745472538038368E-002
   560000000000.00000        7.1102263839070645E-002
   570000000000.00000        7.1533773922925425E-002
   580000000000.00000        7.1989893339177394E-002
   590000000000.00000        7.2416746942084248E-002
   600000000000.00000        7.2761567147248518E-002
   610000000000.00000        7.2977451754545827E-002
   620000000000.00000        7.3027586922272805E-002
   630000000000.00000        7.2888565604095387E-002
   640000000000.00000        7.2552513812164793E-002
   650000000000.00000        7.2027843888990639E-002
   660000000000.00000        7.1338575871829527E-002
   670000000000.00000        7.0522294088498985E-002
   680000000000.00000        6.9626925148969884E-002
   690000000000.00000        6.8706625051997830E-002
   700000000000.00000        6.7817138433600266E-002
   710000000000.00000        6.7011035693068155E-002
   720000000000.00000        6.6333240452826320E-002
   730000000000.00000        6.5817230377835975E-002
   740000000000.00000        6.5482231835782237E-002
   750000000000.00000        6.5331639147101647E-002
   760000000000.00000        6.5352780503366556E-002
   770000000000.00000        6.5518034831325900E-002
   780000000000.00000        6.5787187420293297E-002
   790000000000.00000        6.6110807209508612E-002
   800000000000.00000        6.6434344269218445E-002
   810000000000.00000        6.6702589263815337E-002
   820000000000.00000        6.6864112060279771E-002
   830000000000.00000        6.6875305728466061E-002
   840000000000.00000        6.6703703552670079E-002
   850000000000.00000        6.6330306089014843E-002
   860000000000.00000        6.5750746112526959E-002
   870000000000.00000        6.4975223088448372E-002
   880000000000.00000        6.4027246178683231E-002
   890000000000.00000        6.2941326234207839E-002
   900000000000.00000        6.1759843930971517E-002
   910000000000.00000        6.0529385879575091E-002
   920000000000.00000        5.9296877994978868E-002
   930000000000.00000        5.8105853006043061E-002
   940000000000.00000        5.6993166790445554E-002
   950000000000.00000        5.5986428967745805E-002
   960000000000.00000        5.5102341952736333E-002
   970000000000.00000        5.4346056385724997E-002
   980000000000.00000        5.3711557616736211E-002
   990000000000.00000        5.3183006248389099E-002
   1000000000000.0000        5.2736873801371764E-002
   1010000000000.0000        5.2344649434333063E-002
   1020000000000.0000        5.1975850703112399E-002
   1030000000000.0000        5.1601053812099340E-002
   1040000000000.0000        5.1194667535280007E-002
   1050000000000.0000        5.0737208403144218E-002
   1060000000000.0000        5.0216889098070823E-002
   1070000000000.0000        4.9630401704673019E-002
   1080000000000.0000        4.8982855702531192E-002
   1090000000000.0000        4.8286909952342541E-002
   1100000000000.0000        4.7561211099163690E-002
   1110000000000.0000        4.6828311254524468E-002
   1120000000000.0000        4.6112280331458894E-002
   1130000000000.0000        4.5436249597929274E-002
   1140000000000.0000        4.4820121553276200E-002
   1150000000000.0000        4.4278657921721511E-002
   1160000000000.0000        4.3820115203962652E-002
   1170000000000.0000        4.3445540332951102E-002
   1180000000000.0000        4.3148773274956122E-002
   1190000000000.0000        4.2917135300194413E-002
   1200000000000.0000        4.2732717569549168E-002
   1210000000000.0000        4.2574130544698371E-002
   1220000000000.0000        4.2418535338269246E-002
   1230000000000.0000        4.2243756775327379E-002
   1240000000000.0000        4.2030276149559481E-002
   1250000000000.0000        4.1762919056143308E-002
   1260000000000.0000        4.1432088096072579E-002
   1270000000000.0000        4.1034437948518895E-002
   1280000000000.0000        4.0572946410292340E-002
   1290000000000.0000        4.0056393943289664E-002
   1300000000000.0000        3.9498320360556970E-002
   1310000000000.0000        3.8915575240611351E-002
   1320000000000.0000        3.8326614113873260E-002
   1330000000000.0000        3.7749712340137964E-002
   1340000000000.0000        3.7201271380486831E-002
   1350000000000.0000        3.6694378021253755E-002
   1360000000000.0000        3.6237747811276096E-002
   1370000000000.0000        3.5835142719974900E-002
   1380000000000.0000        3.5485304083580027E-002
   1390000000000.0000        3.5182390196096341E-002
   1400000000000.0000        3.4916858496572244E-002
   1410000000000.0000        3.4676689950510049E-002
   1420000000000.0000        3.4448821886319737E-002
   1430000000000.0000        3.4220638046838073E-002
   1440000000000.0000        3.3981362374912241E-002
   1450000000000.0000        3.3723215988496341E-002
   1460000000000.0000        3.3442223361929466E-002
   1470000000000.0000        3.3138591069681922E-002
   1480000000000.0000        3.2816626724373833E-002
   1490000000000.0000        3.2484212502260003E-002
   1500000000000.0000        3.2151892279095290E-002
   1510000000000.0000        3.1831669561386090E-002
   1520000000000.0000        3.1535641452620208E-002
   1530000000000.0000        3.1274609238171082E-002
   1540000000000.0000        3.1056807475851024E-002
   1550000000000.0000        3.0886880793186550E-002
   1560000000000.0000        3.0765212325885780E-002
   1570000000000.0000        3.0687672494338576E-002
   1580000000000.0000        3.0645815148394245E-002
   1590000000000.0000        3.0627504134747373E-002
   1600000000000.0000        3.0617911348003658E-002
   1610000000000.0000        3.0600791364019692E-002
   1620000000000.0000        3.0559911239752418E-002
   1630000000000.0000        3.0480499463210176E-002
   1640000000000.0000        3.0350576638875196E-002
   1650000000000.0000        3.0162042301026790E-002
   1660000000000.0000        2.9911415992730585E-002
   1670000000000.0000        2.9600164032740826E-002
   1680000000000.0000        2.9234582929577830E-002
   1690000000000.0000        2.8825252344026851E-002
   1700000000000.0000        2.8386110815918804E-002
   1710000000000.0000        2.7933242330046758E-002
   1720000000000.0000        2.7483487939607958E-002
   1730000000000.0000        2.7053011707185683E-002
   1740000000000.0000        2.6655952867276643E-002
   1750000000000.0000        2.6303286265679619E-002
   1760000000000.0000        2.6001991888783299E-002
   1770000000000.0000        2.5754603832321119E-002
   1780000000000.0000        2.5559172398155295E-002
   1790000000000.0000        2.5409633723361788E-002
   1800000000000.0000        2.5296543213797283E-002
   1810000000000.0000        2.5208095687151238E-002
   1820000000000.0000        2.5131329634642919E-002
   1830000000000.0000        2.5053397695770165E-002
   1840000000000.0000        2.4962781609774956E-002
   1850000000000.0000        2.4850337746081086E-002
   1860000000000.0000        2.4710077889405643E-002
   1870000000000.0000        2.4539617314520971E-002
   1880000000000.0000        2.4340255568288113E-002
   1890000000000.0000        2.4116691483105069E-002
   1900000000000.0000        2.3876409264004271E-002
   1910000000000.0000        2.3628803636420181E-002
   1920000000000.0000        2.3384136079063086E-002
   1930000000000.0000        2.3152428888893579E-002
   1940000000000.0000        2.2942407954182457E-002
   1950000000000.0000        2.2760598407381937E-002
   1960000000000.0000        2.2610660600241191E-002
   1970000000000.0000        2.2493028853395505E-002
   1980000000000.0000        2.2404884718789757E-002
   1990000000000.0000        2.2340463111435855E-002
   2000000000000.0000        2.2291656889898981E-002
   2010000000000.0000        2.2248856464117187E-002
   2020000000000.0000        2.2201938550558405E-002
   2030000000000.0000        2.2141304376980753E-002
   2040000000000.0000        2.2058863699724717E-002
   2050000000000.0000        2.1948867203274772E-002
   2060000000000.0000        2.1808505488952371E-002
   2070000000000.0000        2.1638216308601826E-002
   2080000000000.0000        2.1441670605930916E-002
   2090000000000.0000        2.1225439438741760E-002
   2100000000000.0000        2.0998374896622270E-002
   2110000000000.0000        2.0770765707344704E-002
   2120000000000.0000        2.0553349714721853E-002
   2130000000000.0000        2.0356278799895822E-002
   2140000000000.0000        2.0188135897550613E-002
   2150000000000.0000        2.0055098227522970E-002
   2160000000000.0000        1.9960326346733011E-002
   2170000000000.0000        1.9903636608013368E-002
   2180000000000.0000        1.9881487276294758E-002
   2190000000000.0000        1.9887278568809303E-002
   2200000000000.0000        1.9911937147634836E-002
   2210000000000.0000        1.9944728935914435E-002
   2220000000000.0000        1.9974223060948256E-002
   2230000000000.0000        1.9989316190870687E-002
   2240000000000.0000        1.9980221725986579E-002
   2250000000000.0000        1.9939332581279754E-002
   2260000000000.0000        1.9861879132051900E-002
   2270000000000.0000        1.9746323959217230E-002
   2280000000000.0000        1.9594460322255609E-002
   2290000000000.0000        1.9411209333656847E-002
   2300000000000.0000        1.9204138909391252E-002
   2310000000000.0000        1.8982753060892199E-002
   2320000000000.0000        1.8757620600158488E-002
   2330000000000.0000        1.8539425988624739E-002
   2340000000000.0000        1.8338030693588355E-002
   2350000000000.0000        1.8161630630282130E-002
   2360000000000.0000        1.8016084481320385E-002
   2370000000000.0000        1.7904470074255673E-002
   2380000000000.0000        1.7826903370825393E-002
   2390000000000.0000        1.7780629234486048E-002
   2400000000000.0000        1.7760367475451372E-002
   2410000000000.0000        1.7758874184277695E-002
   2420000000000.0000        1.7767659258828856E-002
   2430000000000.0000        1.7777788042666085E-002
   2440000000000.0000        1.7780689237760758E-002
   2450000000000.0000        1.7768893121175241E-002
   2460000000000.0000        1.7736633227279620E-002
   2470000000000.0000        1.7680259998555312E-002
   2480000000000.0000        1.7598434819941704E-002
   2490000000000.0000        1.7492095281781105E-002
   2500000000000.0000        1.7364205207476464E-002
   2510000000000.0000        1.7219323696565161E-002
   2520000000000.0000        1.7063044173735279E-002
   2530000000000.0000        1.6901365632688944E-002
   2540000000000.0000        1.6740062932691348E-002
   2550000000000.0000        1.6584120823778633E-002
   2560000000000.0000        1.6437287710106902E-002
   2570000000000.0000        1.6301791016305672E-002
   2580000000000.0000        1.6178237935914712E-002
   2590000000000.0000        1.6065705220600808E-002
   2600000000000.0000        1.5962001594750971E-002
   2610000000000.0000        1.5864068397249406E-002
   2620000000000.0000        1.5768469966026870E-002
   2630000000000.0000        1.5671916479036162E-002
   2640000000000.0000        1.5571759283704627E-002
   2650000000000.0000        1.5466402392152785E-002
   2660000000000.0000        1.5355583354263961E-002
   2670000000000.0000        1.5240491113924915E-002
   2680000000000.0000        1.5123706189239888E-002
   2690000000000.0000        1.5008967750188238E-002
   2700000000000.0000        1.4900790910848243E-002
   2710000000000.0000        1.4803973881086565E-002
   2720000000000.0000        1.4723046860136041E-002
   2730000000000.0000        1.4661721446658353E-002
   2740000000000.0000        1.4622400174961610E-002
   2750000000000.0000        1.4605800465910068E-002
   2760000000000.0000        1.4610736325297776E-002
   2770000000000.0000        1.4634085620609758E-002
   2780000000000.0000        1.4670952264889535E-002
   2790000000000.0000        1.4715012982019687E-002
   2800000000000.0000        1.4759019487475810E-002
   2810000000000.0000        1.4795410781743693E-002
   2820000000000.0000        1.4816978444963311E-002
   2830000000000.0000        1.4817521540845155E-002
   2840000000000.0000        1.4792427641992708E-002
   2850000000000.0000        1.4739122625950339E-002
   2860000000000.0000        1.4657343697341655E-002
   2870000000000.0000        1.4549206444787553E-002
   2880000000000.0000        1.4419056072915134E-002
   2890000000000.0000        1.4273113396749948E-002
   2900000000000.0000        1.4118945773123896E-002
   2910000000000.0000        1.3964809976760197E-002
   2920000000000.0000        1.3818926477231000E-002
   2930000000000.0000        1.3688751429265121E-002
   2940000000000.0000        1.3580313284075444E-002
   2950000000000.0000        1.3497675197408750E-002
   2960000000000.0000        1.3442572892807118E-002
   2970000000000.0000        1.3414261432340495E-002
   2980000000000.0000        1.3409584995257880E-002
   2990000000000.0000        1.3423263108354870E-002
   3000000000000.0000        1.3448366770418194E-002
   3010000000000.0000        1.3476940457560000E-002
   3020000000000.0000        1.3500712726769426E-002
   3030000000000.0000        1.3511830285245312E-002
   3040000000000.0000        1.3503548674111401E-002
   3050000000000.0000        1.3470817250407705E-002
   3060000000000.0000        1.3410706468487625E-002
   3070000000000.0000        1.3322640542281635E-002
   3080000000000.0000        1.3208416949371707E-002
   3090000000000.0000        1.3072014150929510E-002
   3100000000000.0000        1.2919208452602419E-002
   3110000000000.0000        1.2757038277093310E-002
   3120000000000.0000        1.2593167644625177E-002
   3130000000000.0000        1.2435209128848814E-002
   3140000000000.0000        1.2290069234732115E-002
   3150000000000.0000        1.2163375854561115E-002
   3160000000000.0000        1.2059038593836261E-002
   3170000000000.0000        1.1978979244269609E-002
   3180000000000.0000        1.1923052873613026E-002
   3190000000000.0000        1.1889161557069533E-002
   3200000000000.0000        1.1873544483131330E-002
   3210000000000.0000        1.1871211779316231E-002
   3220000000000.0000        1.1876476464210532E-002
   3230000000000.0000        1.1883530630876335E-002
   3240000000000.0000        1.1887009027351644E-002
   3250000000000.0000        1.1882485817494381E-002
   3260000000000.0000        1.1866858132882446E-002
   3270000000000.0000        1.1838582215731662E-002
   3280000000000.0000        1.1797743243282394E-002
   3290000000000.0000        1.1745956770856962E-002
   3300000000000.0000        1.1686116458673762E-002
   3310000000000.0000        1.1622017716495769E-002
   3320000000000.0000        1.1557898665341617E-002
   3330000000000.0000        1.1497947266073590E-002
   3340000000000.0000        1.1445825929108326E-002
   3350000000000.0000        1.1404262226049506E-002
   3360000000000.0000        1.1374746811962773E-002
   3370000000000.0000        1.1357368147292478E-002
   3380000000000.0000        1.1350799278675005E-002
   3390000000000.0000        1.1352436260080270E-002
   3400000000000.0000        1.1358672348994641E-002
   3410000000000.0000        1.1365278435970443E-002
   3420000000000.0000        1.1367849607300369E-002
   3430000000000.0000        1.1362271324140022E-002
   3440000000000.0000        1.1345157029839960E-002
   3450000000000.0000        1.1314212195854847E-002
   3460000000000.0000        1.1268487524953831E-002
   3470000000000.0000        1.1208495442248261E-002
   3480000000000.0000        1.1136177951130409E-002
   3490000000000.0000        1.1054729000344524E-002
   3500000000000.0000        1.0968289186184475E-002
   3510000000000.0000        1.0881543435619940E-002
   3520000000000.0000        1.0799262011655405E-002
   3530000000000.0000        1.0725830800112567E-002
   3540000000000.0000        1.0664817837372872E-002
   3550000000000.0000        1.0618619343881005E-002
   3560000000000.0000        1.0588220528182883E-002
   3570000000000.0000        1.0573094936677302E-002
   3580000000000.0000        1.0571252303484558E-002
   3590000000000.0000        1.0579430087161869E-002
   3600000000000.0000        1.0593409638177821E-002
   3610000000000.0000        1.0608425635932332E-002
   3620000000000.0000        1.0619628280860417E-002
   3630000000000.0000        1.0622552621922174E-002
   3640000000000.0000        1.0613548833343317E-002
   3650000000000.0000        1.0590131265504232E-002
   3660000000000.0000        1.0551212268112266E-002
   3670000000000.0000        1.0497198293171384E-002
   3680000000000.0000        1.0429939477464805E-002
   3690000000000.0000        1.0352538414319244E-002
   3700000000000.0000        1.0269037711699741E-002
   3710000000000.0000        1.0184017824872561E-002
   3720000000000.0000        1.0102145376638720E-002
   3730000000000.0000        1.0027716884227870E-002
   3740000000000.0000        9.9642430483438266E-003
   3750000000000.0000        9.9141145199798195E-003
   3760000000000.0000        9.8783817813601332E-003
   3770000000000.0000        9.8566702942743042E-003
   3780000000000.0000        9.8472385323082525E-003
   3790000000000.0000        9.8471722728723978E-003
   3800000000000.0000        9.8526949957229333E-003
   3810000000000.0000        9.8595627571496421E-003
   3820000000000.0000        9.8635036160366982E-003
   3830000000000.0000        9.8606573934154722E-003
   3840000000000.0000        9.8479716660206298E-003
   3850000000000.0000        9.8235144029966363E-003
   3860000000000.0000        9.7866720941809926E-003
   3870000000000.0000        9.7382137403113217E-003
   3880000000000.0000        9.6802145280440212E-003
   3890000000000.0000        9.6158470545033830E-003
   3900000000000.0000        9.5490611998134949E-003
   3910000000000.0000        9.4841848567737280E-003
   3920000000000.0000        9.4254856121822085E-003
   3930000000000.0000        9.3767373534455536E-003
   3940000000000.0000        9.3408352646301585E-003
   3950000000000.0000        9.3194978315127557E-003
   3960000000000.0000        9.3130857791988066E-003
   3970000000000.0000        9.3205561842463341E-003
   3980000000000.0000        9.3395564978174493E-003
   3990000000000.0000        9.3666492300267766E-003
   4000000000000.0000        9.3976449692520572E-003
   4010000000000.0000        9.4280105450087505E-003
   4020000000000.0000        9.4533115719785381E-003
   4030000000000.0000        9.4696450932672451E-003
   4040000000000.0000        9.4740189296012144E-003
   4050000000000.0000        9.4646395583749803E-003
   4060000000000.0000        9.4410793837997695E-003
   4070000000000.0000        9.4043062293335204E-003
   4080000000000.0000        9.3565716065109293E-003
   4090000000000.0000        9.3011684345722222E-003
   4100000000000.0000        9.2420820045354315E-003
   4110000000000.0000        9.1835687962226620E-003
   4120000000000.0000        9.1297051874948392E-003
   4130000000000.0000        9.0839513921668405E-003
   4140000000000.0000        9.0487747821978645E-003
   4150000000000.0000        9.0253711858610964E-003
   4160000000000.0000        9.0135133332207452E-003
   4170000000000.0000        9.0115432508187203E-003
   4180000000000.0000        9.0165112894153836E-003
   4190000000000.0000        9.0244499785924158E-003
   4200000000000.0000        9.0307574586801255E-003
   4210000000000.0000        9.0306541659746775E-003
   4220000000000.0000        9.0196688378063987E-003
   4230000000000.0000        8.9941065224850292E-003
   4240000000000.0000        8.9514524795255672E-003
   4250000000000.0000        8.8906715475902016E-003
   4260000000000.0000        8.8123722143052131E-003
   4270000000000.0000        8.7188173299381881E-003
   4280000000000.0000        8.6137779533535103E-003
   4290000000000.0000        8.5022418091251547E-003
   4300000000000.0000        8.3900018271963403E-003
   4310000000000.0000        8.2831618810107668E-003
   4320000000000.0000        8.1876050091787955E-003
   4330000000000.0000        8.1084733038071267E-003
   4340000000000.0000        8.0497078888620011E-003
   4350000000000.0000        8.0136920541735920E-003
   4360000000000.0000        8.0010311558720640E-003
   4370000000000.0000        8.0104902362175406E-003
   4380000000000.0000        8.0390956561476115E-003
   4390000000000.0000        8.0823917652708549E-003
   4400000000000.0000        8.1348292071115064E-003
   4410000000000.0000        8.1902492412427030E-003
   4420000000000.0000        8.2424196148040661E-003
   4430000000000.0000        8.2855728666560990E-003
   4440000000000.0000        8.3148979282968005E-003
   4450000000000.0000        8.3269404838953072E-003
   4460000000000.0000        8.3198763140286749E-003
   4470000000000.0000        8.2936339247790952E-003
   4480000000000.0000        8.2498569935523271E-003
   4490000000000.0000        8.1917121826614453E-003
   4500000000000.0000        8.1235622498530610E-003
   4510000000000.0000        8.0505367588132384E-003
   4520000000000.0000        7.9780418989175757E-003
   4530000000000.0000        7.9112561089045418E-003
   4540000000000.0000        7.8546589011989163E-003
   4550000000000.0000        7.8116364727827637E-003
   4560000000000.0000        7.7841997687830185E-003
   4570000000000.0000        7.7728394323643103E-003
   4580000000000.0000        7.7765286381094156E-003
   4590000000000.0000        7.7928704788948321E-003
   4600000000000.0000        7.8183727472601727E-003
   4610000000000.0000        7.8488209514328781E-003
   4620000000000.0000        7.8797113761604198E-003
   4630000000000.0000        7.9067007850553463E-003
   4640000000000.0000        7.9260284329250308E-003
   4650000000000.0000        7.9348694619594175E-003
   4660000000000.0000        7.9315861208366055E-003
   4670000000000.0000        7.9158538136905928E-003
   4680000000000.0000        7.8886516923010949E-003
   4690000000000.0000        7.8521210842623160E-003
   4700000000000.0000        7.8093081601576918E-003
   4710000000000.0000        7.7638185969317684E-003
   4720000000000.0000        7.7194204865689746E-003
   4730000000000.0000        7.6796365510115195E-003
   4740000000000.0000        7.6473674052156540E-003
   4750000000000.0000        7.6245841192254518E-003
   4760000000000.0000        7.6121210378700468E-003
   4770000000000.0000        7.6095894676398834E-003
   4780000000000.0000        7.6154204780064872E-003
   4790000000000.0000        7.6270319277576947E-003
   4800000000000.0000        7.6411022272899866E-003
   4810000000000.0000        7.6539225398564222E-003
   4820000000000.0000        7.6617911826895218E-003
   4830000000000.0000        7.6614097008059785E-003
   4840000000000.0000        7.6502398768484407E-003
   4850000000000.0000        7.6267848293116421E-003
   4860000000000.0000        7.5907649521473886E-003
   4870000000000.0000        7.5431700060111778E-003
   4880000000000.0000        7.4861811365118432E-003
   4890000000000.0000        7.4229697285873890E-003
   4900000000000.0000        7.3573925010908207E-003
   4910000000000.0000        7.2936128549335828E-003
   4920000000000.0000        7.2356861483843186E-003
   4930000000000.0000        7.1871505097226979E-003
   4940000000000.0000        7.1506646013810658E-003
   4950000000000.0000        7.1277294187350191E-003
   4960000000000.0000        7.1185231467719703E-003
   4970000000000.0000        7.1218670844792964E-003
   4980000000000.0000        7.1353277501748063E-003
   4990000000000.0000        7.1554467621817710E-003
   5000000000000.0000        7.1780772772767152E-003
