   0.0000000000000000        2.2575773891158168E-002
   10000000000.000000        2.3123544282852005E-002
   20000000000.000000        2.4212528431023589E-002
   30000000000.000000        2.4818103828779647E-002
   40000000000.000000        2.4614070247335373E-002
   50000000000.000000        2.4311802526164258E-002
   60000000000.000000        2.4803584375130742E-002
   70000000000.000000        2.6172326541828380E-002
   80000000000.000000        2.7774029398564722E-002
   90000000000.000000        2.9247323247180889E-002
   100000000000.00000        3.1085764102136579E-002
   110000000000.00000        3.3893731089696004E-002
   120000000000.00000        3.7167569624205907E-002
   130000000000.00000        3.9285875589699495E-002
   140000000000.00000        3.9115338864042296E-002
   150000000000.00000        3.7575992611556981E-002
   160000000000.00000        3.7200502152605383E-002
   170000000000.00000        3.9830453272631704E-002
   180000000000.00000        4.4827057629733318E-002
   190000000000.00000        4.9808748450169152E-002
   200000000000.00000        5.3148972498897926E-002
   210000000000.00000        5.5421172559536998E-002
   220000000000.00000        5.8157812866205527E-002
   230000000000.00000        6.1446699223216501E-002
   240000000000.00000        6.3328563067965526E-002
   250000000000.00000        6.1902603634790290E-002
   260000000000.00000        5.7832888915559884E-002
   270000000000.00000        5.4339631405672030E-002
   280000000000.00000        5.4486310709794858E-002
   290000000000.00000        5.8498397809726120E-002
   300000000000.00000        6.3716712465806014E-002
   310000000000.00000        6.6970920075598614E-002
   320000000000.00000        6.6944847129032495E-002
   330000000000.00000        6.4668742141916258E-002
   340000000000.00000        6.2399479095664290E-002
   350000000000.00000        6.2239187126098147E-002
   360000000000.00000        6.5213792960222117E-002
   370000000000.00000        7.0740789779971502E-002
   380000000000.00000        7.6627222933794634E-002
   390000000000.00000        8.0104419789274142E-002
   400000000000.00000        7.9659685929383356E-002
   410000000000.00000        7.6188659048178162E-002
   420000000000.00000        7.2183708314709064E-002
   430000000000.00000        6.9631010810245961E-002
   440000000000.00000        6.8778580472993400E-002
   450000000000.00000        6.8899176894817865E-002
   460000000000.00000        6.9710915132240009E-002
   470000000000.00000        7.1411784406694309E-002
   480000000000.00000        7.3397316369182286E-002
   490000000000.00000        7.3884312252180562E-002
   500000000000.00000        7.1704212413223611E-002
   510000000000.00000        6.8357471618160554E-002
   520000000000.00000        6.7287779864615621E-002
   530000000000.00000        7.0347682588288260E-002
   540000000000.00000        7.5253859942582865E-002
   550000000000.00000        7.7422823124421600E-002
   560000000000.00000        7.4722721202176573E-002
   570000000000.00000        6.9935932762820757E-002
   580000000000.00000        6.7915934042040951E-002
   590000000000.00000        7.0405570474282794E-002
   600000000000.00000        7.4291883326030719E-002
   610000000000.00000        7.5220445723877316E-002
   620000000000.00000        7.2387674646008135E-002
   630000000000.00000        6.9125336396951814E-002
   640000000000.00000        6.8902022458705428E-002
   650000000000.00000        7.1548866388658997E-002
   660000000000.00000        7.3854978999097917E-002
   670000000000.00000        7.3342797646353375E-002
   680000000000.00000        7.0614651795001107E-002
   690000000000.00000        6.7954654468662098E-002
   700000000000.00000        6.6531405005394520E-002
   710000000000.00000        6.5730297747907507E-002
   720000000000.00000        6.4865917294164743E-002
   730000000000.00000        6.4443716770187454E-002
   740000000000.00000        6.5192965583144732E-002
   750000000000.00000        6.6494317405137796E-002
   760000000000.00000        6.6768542197243083E-002
   770000000000.00000        6.5588737010140660E-002
   780000000000.00000        6.4621097962525367E-002
   790000000000.00000        6.5768891068877483E-002
   800000000000.00000        6.8603880903895617E-002
   810000000000.00000        7.0415668271826867E-002
   820000000000.00000        6.9129057804730804E-002
   830000000000.00000        6.5702439861075240E-002
   840000000000.00000        6.3088828324539603E-002
   850000000000.00000        6.2963863828564559E-002
   860000000000.00000        6.4110606077143847E-002
   870000000000.00000        6.4266057469368656E-002
   880000000000.00000        6.2993433197176235E-002
   890000000000.00000        6.2004441880297127E-002
   900000000000.00000        6.2647255821007622E-002
   910000000000.00000        6.3830216051236927E-002
   920000000000.00000        6.3077658090223157E-002
   930000000000.00000        5.9507070030671114E-002
   940000000000.00000        5.5127824170054462E-002
   950000000000.00000        5.2856303931599097E-002
   960000000000.00000        5.3512757337830896E-002
   970000000000.00000        5.5174609246529623E-002
   980000000000.00000        5.5452104618616868E-002
   990000000000.00000        5.3985248529020119E-002
   1000000000000.0000        5.2460864892196916E-002
   1010000000000.0000        5.2416463315415024E-002
   1020000000000.0000        5.3453108022120055E-002
   1030000000000.0000        5.3735973077445626E-002
   1040000000000.0000        5.2022953195154223E-002
   1050000000000.0000        4.8976847487457266E-002
   1060000000000.0000        4.6526307923252339E-002
   1070000000000.0000        4.6096407673400036E-002
   1080000000000.0000        4.7446363140804526E-002
   1090000000000.0000        4.9029456780239580E-002
   1100000000000.0000        4.9356427477606393E-002
   1110000000000.0000        4.8129342462018471E-002
   1120000000000.0000        4.6287552449727341E-002
   1130000000000.0000        4.5059954060342911E-002
   1140000000000.0000        4.4895105190678596E-002
   1150000000000.0000        4.5195486818041357E-002
   1160000000000.0000        4.5047798761418775E-002
   1170000000000.0000        4.4198507529932131E-002
   1180000000000.0000        4.3274642119437587E-002
   1190000000000.0000        4.3032053275810674E-002
   1200000000000.0000        4.3462707876012724E-002
   1210000000000.0000        4.3745329114822401E-002
   1220000000000.0000        4.3074801690414853E-002
   1230000000000.0000        4.1447004994391010E-002
   1240000000000.0000        3.9616734034515197E-002
   1250000000000.0000        3.8438589992376843E-002
   1260000000000.0000        3.8371826712149643E-002
   1270000000000.0000        3.9455305849611343E-002
   1280000000000.0000        4.1353938068656899E-002
   1290000000000.0000        4.3206977311016186E-002
   1300000000000.0000        4.3722229141420738E-002
   1310000000000.0000        4.2004560741450231E-002
   1320000000000.0000        3.8598772311843665E-002
   1330000000000.0000        3.5467012869155781E-002
   1340000000000.0000        3.4460382404554818E-002
   1350000000000.0000        3.5623978745901237E-002
   1360000000000.0000        3.7193402301063848E-002
   1370000000000.0000        3.7428897238546782E-002
   1380000000000.0000        3.6311033758193417E-002
   1390000000000.0000        3.5207157593593032E-002
   1400000000000.0000        3.4999694877196633E-002
   1410000000000.0000        3.5024942837605003E-002
   1420000000000.0000        3.4147776807811059E-002
   1430000000000.0000        3.2558609019086630E-002
   1440000000000.0000        3.1850325387520667E-002
   1450000000000.0000        3.3045766576811943E-002
   1460000000000.0000        3.4973337624643601E-002
   1470000000000.0000        3.5237925488246342E-002
   1480000000000.0000        3.2954716320982111E-002
   1490000000000.0000        3.0074477865240926E-002
   1500000000000.0000        2.9519725545424650E-002
   1510000000000.0000        3.2019010397098986E-002
   1520000000000.0000        3.5166568102441176E-002
   1530000000000.0000        3.5826797570167553E-002
   1540000000000.0000        3.3282048932735696E-002
   1550000000000.0000        2.9761729060654673E-002
   1560000000000.0000        2.7979260701317218E-002
   1570000000000.0000        2.8521926173665689E-002
   1580000000000.0000        2.9795689337599227E-002
   1590000000000.0000        3.0170485893021633E-002
   1600000000000.0000        2.9678049346255418E-002
   1610000000000.0000        2.9527460351128524E-002
   1620000000000.0000        3.0385818660492798E-002
   1630000000000.0000        3.1579496740116127E-002
   1640000000000.0000        3.1972960937191555E-002
   1650000000000.0000        3.1264271225241114E-002
   1660000000000.0000        3.0182629740082935E-002
   1670000000000.0000        2.9565706841768742E-002
   1680000000000.0000        2.9524290869902221E-002
   1690000000000.0000        2.9536014146565526E-002
   1700000000000.0000        2.9111872197792706E-002
   1710000000000.0000        2.8198680674771170E-002
   1720000000000.0000        2.7058576160078743E-002
   1730000000000.0000        2.6007180959312547E-002
   1740000000000.0000        2.5312519676212078E-002
   1750000000000.0000        2.5135759813715446E-002
   1760000000000.0000        2.5382478283777179E-002
   1770000000000.0000        2.5677637329496648E-002
   1780000000000.0000        2.5687236915606992E-002
   1790000000000.0000        2.5514297316028448E-002
   1800000000000.0000        2.5615751391723077E-002
   1810000000000.0000        2.6192569887476719E-002
   1820000000000.0000        2.6759387705598634E-002
   1830000000000.0000        2.6543000569418242E-002
   1840000000000.0000        2.5381885191004826E-002
   1850000000000.0000        2.4067401211442838E-002
   1860000000000.0000        2.3601246354300793E-002
   1870000000000.0000        2.4120782855715159E-002
   1880000000000.0000        2.4722832422726469E-002
   1890000000000.0000        2.4438613192216817E-002
   1900000000000.0000        2.3289052898393642E-002
   1910000000000.0000        2.2250918326677881E-002
   1920000000000.0000        2.2205151454781618E-002
   1930000000000.0000        2.3048955217861922E-002
   1940000000000.0000        2.3876970866736232E-002
   1950000000000.0000        2.3906298076020627E-002
   1960000000000.0000        2.3116552097506154E-002
   1970000000000.0000        2.2088737092053473E-002
   1980000000000.0000        2.1446341541883893E-002
   1990000000000.0000        2.1510703724250225E-002
   2000000000000.0000        2.2260637840226683E-002
   2010000000000.0000        2.3330009164698517E-002
   2020000000000.0000        2.4037511092453574E-002
   2030000000000.0000        2.3733994760896476E-002
   2040000000000.0000        2.2416496159197719E-002
   2050000000000.0000        2.0962876344848318E-002
   2060000000000.0000        2.0468152469619843E-002
   2070000000000.0000        2.1155645668913724E-002
   2080000000000.0000        2.2043910702614966E-002
   2090000000000.0000        2.1905845768294633E-002
   2100000000000.0000        2.0595883700579853E-002
   2110000000000.0000        1.9259745453967997E-002
   2120000000000.0000        1.9104585337090411E-002
   2130000000000.0000        2.0062677578459063E-002
   2140000000000.0000        2.0875877236438981E-002
   2150000000000.0000        2.0540231450084871E-002
   2160000000000.0000        1.9477907760722116E-002
   2170000000000.0000        1.9087423851954704E-002
   2180000000000.0000        2.0158431081516569E-002
   2190000000000.0000        2.1916506321178982E-002
   2200000000000.0000        2.2745739115942142E-002
   2210000000000.0000        2.1791242289123217E-002
   2220000000000.0000        1.9758893006437735E-002
   2230000000000.0000        1.8186015640425209E-002
   2240000000000.0000        1.8050181379269579E-002
   2250000000000.0000        1.9077857500094941E-002
   2260000000000.0000        2.0201968777084280E-002
   2270000000000.0000        2.0505810763457210E-002
   2280000000000.0000        1.9802220979630490E-002
   2290000000000.0000        1.8594054026235908E-002
   2300000000000.0000        1.7669317406969198E-002
   2310000000000.0000        1.7610947099063020E-002
   2320000000000.0000        1.8401176010791213E-002
   2330000000000.0000        1.9365613982241608E-002
   2340000000000.0000        1.9654019320075988E-002
   2350000000000.0000        1.9000746235648146E-002
   2360000000000.0000        1.8045253189271571E-002
   2370000000000.0000        1.7747428206242512E-002
   2380000000000.0000        1.8376234704497500E-002
   2390000000000.0000        1.9154436854534378E-002
   2400000000000.0000        1.9048575641859748E-002
   2410000000000.0000        1.7917958988763819E-002
   2420000000000.0000        1.6741112642010746E-002
   2430000000000.0000        1.6602375382633379E-002
   2440000000000.0000        1.7516032077156147E-002
   2450000000000.0000        1.8383256841882696E-002
   2460000000000.0000        1.8136967854240113E-002
   2470000000000.0000        1.6838333023477987E-002
   2480000000000.0000        1.5591406847855070E-002
   2490000000000.0000        1.5452209696372218E-002
   2500000000000.0000        1.6505536732380921E-002
   2510000000000.0000        1.7939558470227088E-002
   2520000000000.0000        1.8832481095293375E-002
   2530000000000.0000        1.8789060590042230E-002
   2540000000000.0000        1.7990930391700233E-002
   2550000000000.0000        1.6910304245454252E-002
   2560000000000.0000        1.6058790762842189E-002
   2570000000000.0000        1.5803907078259898E-002
   2580000000000.0000        1.6151940186307136E-002
   2590000000000.0000        1.6648559078331293E-002
   2600000000000.0000        1.6666028059768037E-002
   2610000000000.0000        1.5963683444905351E-002
   2620000000000.0000        1.4964174258911762E-002
   2630000000000.0000        1.4369534081309551E-002
   2640000000000.0000        1.4470280252977273E-002
   2650000000000.0000        1.4904076887538892E-002
   2660000000000.0000        1.5131971111371219E-002
   2670000000000.0000        1.5060519437902624E-002
   2680000000000.0000        1.5074636687456913E-002
   2690000000000.0000        1.5473536703272693E-002
   2700000000000.0000        1.6024800031649189E-002
   2710000000000.0000        1.6182322419633792E-002
   2720000000000.0000        1.5688099128882756E-002
   2730000000000.0000        1.4835365798836700E-002
   2740000000000.0000        1.4129216969543836E-002
   2750000000000.0000        1.3812252823239656E-002
   2760000000000.0000        1.3804223066941278E-002
   2770000000000.0000        1.4001895858356352E-002
   2780000000000.0000        1.4437695125802371E-002
   2790000000000.0000        1.5075093505276183E-002
   2800000000000.0000        1.5595073861861937E-002
   2810000000000.0000        1.5585014341094505E-002
   2820000000000.0000        1.4987170950394181E-002
   2830000000000.0000        1.4250116467364120E-002
   2840000000000.0000        1.3935600055137699E-002
   2850000000000.0000        1.4193773415585151E-002
   2860000000000.0000        1.4686928807932790E-002
   2870000000000.0000        1.5000888666745276E-002
   2880000000000.0000        1.5022351831407365E-002
   2890000000000.0000        1.4872844781764564E-002
   2900000000000.0000        1.4590755951322192E-002
   2910000000000.0000        1.4050440233111486E-002
   2920000000000.0000        1.3239607448226050E-002
   2930000000000.0000        1.2494778850751688E-002
   2940000000000.0000        1.2311155244197992E-002
   2950000000000.0000        1.2875662878152118E-002
   2960000000000.0000        1.3839193851961952E-002
   2970000000000.0000        1.4591131403156064E-002
   2980000000000.0000        1.4749028354920233E-002
   2990000000000.0000        1.4382485425868010E-002
   3000000000000.0000        1.3827081139860841E-002
   3010000000000.0000        1.3361925987353621E-002
   3020000000000.0000        1.3066057027416767E-002
   3030000000000.0000        1.2893012259442128E-002
   3040000000000.0000        1.2796214572902437E-002
   3050000000000.0000        1.2782080574830733E-002
   3060000000000.0000        1.2894612237105149E-002
   3070000000000.0000        1.3161733554109946E-002
   3080000000000.0000        1.3514344934073701E-002
   3090000000000.0000        1.3741169292299028E-002
   3100000000000.0000        1.3588549560212009E-002
   3110000000000.0000        1.2993832595460135E-002
   3120000000000.0000        1.2230456207705595E-002
   3130000000000.0000        1.1743336711887736E-002
   3140000000000.0000        1.1768000100002545E-002
   3150000000000.0000        1.2119325281461198E-002
   3160000000000.0000        1.2400493297535170E-002
   3170000000000.0000        1.2411930570891957E-002
   3180000000000.0000        1.2293409673004857E-002
   3190000000000.0000        1.2250435440870506E-002
   3200000000000.0000        1.2235504653805900E-002
   3210000000000.0000        1.2016646002187326E-002
   3220000000000.0000        1.1559509099696053E-002
   3230000000000.0000        1.1204937483310709E-002
   3240000000000.0000        1.1338800159705903E-002
   3250000000000.0000        1.1900967385801875E-002
   3260000000000.0000        1.2350927582300874E-002
   3270000000000.0000        1.2208569315674026E-002
   3280000000000.0000        1.1586833305719213E-002
   3290000000000.0000        1.1091480147618748E-002
   3300000000000.0000        1.1173931111846488E-002
   3310000000000.0000        1.1660063968218826E-002
   3320000000000.0000        1.1980459739414903E-002
   3330000000000.0000        1.1821335978605175E-002
   3340000000000.0000        1.1445449674614092E-002
   3350000000000.0000        1.1337032329169267E-002
   3360000000000.0000        1.1611388215814145E-002
   3370000000000.0000        1.1880216239405010E-002
   3380000000000.0000        1.1714660808574471E-002
   3390000000000.0000        1.1161583334993746E-002
   3400000000000.0000        1.0725607118857781E-002
   3410000000000.0000        1.0841720462812681E-002
   3420000000000.0000        1.1416534371209298E-002
   3430000000000.0000        1.1916832702761778E-002
   3440000000000.0000        1.1890294482026571E-002
   3450000000000.0000        1.1377504241742204E-002
   3460000000000.0000        1.0830454442569731E-002
   3470000000000.0000        1.0665335052398686E-002
   3480000000000.0000        1.0902220548934208E-002
   3490000000000.0000        1.1202779346439354E-002
   3500000000000.0000        1.1215664007897896E-002
   3510000000000.0000        1.0884646478591062E-002
   3520000000000.0000        1.0464285515872633E-002
   3530000000000.0000        1.0278435834471798E-002
   3540000000000.0000        1.0460994744641960E-002
   3550000000000.0000        1.0882170096967897E-002
   3560000000000.0000        1.1271035716998824E-002
   3570000000000.0000        1.1396423214573997E-002
   3580000000000.0000        1.1177256997239362E-002
   3590000000000.0000        1.0698527643086757E-002
   3600000000000.0000        1.0171857277737907E-002
   3610000000000.0000        9.8546596990578255E-003
   3620000000000.0000        9.9179795378107980E-003
   3630000000000.0000        1.0312617745137627E-002
   3640000000000.0000        1.0760516637080185E-002
   3650000000000.0000        1.0944899524353638E-002
   3660000000000.0000        1.0776059060285318E-002
   3670000000000.0000        1.0475895343924482E-002
   3680000000000.0000        1.0358104504497583E-002
   3690000000000.0000        1.0497461663724533E-002
   3700000000000.0000        1.0637119699465949E-002
   3710000000000.0000        1.0458928081363143E-002
   3720000000000.0000        9.9457490888754177E-003
   3730000000000.0000        9.4398931369205803E-003
   3740000000000.0000        9.3172149851928326E-003
   3750000000000.0000        9.6176449649641206E-003
   3760000000000.0000        1.0024100127164861E-002
   3770000000000.0000        1.0199107767679128E-002
   3780000000000.0000        1.0104751951689578E-002
   3790000000000.0000        9.9753649563939159E-003
   3800000000000.0000        1.0013777494845846E-002
   3810000000000.0000        1.0170455430413021E-002
   3820000000000.0000        1.0230208970964166E-002
   3830000000000.0000        1.0067322767915743E-002
   3840000000000.0000        9.7694337500162619E-003
   3850000000000.0000        9.5237012450042104E-003
   3860000000000.0000        9.4336559269186313E-003
   3870000000000.0000        9.4677063057207588E-003
   3880000000000.0000        9.5421924056762423E-003
   3890000000000.0000        9.5954655099511083E-003
   3900000000000.0000        9.5812508798837036E-003
   3910000000000.0000        9.4572636455212047E-003
   3920000000000.0000        9.2431489287283317E-003
   3930000000000.0000        9.0778750436357799E-003
   3940000000000.0000        9.1452478701643160E-003
   3950000000000.0000        9.4817076528158160E-003
   3960000000000.0000        9.8674697424019336E-003
   3970000000000.0000        9.9711028944425469E-003
   3980000000000.0000        9.6558430927134297E-003
   3990000000000.0000        9.1466539040684740E-003
   4000000000000.0000        8.8599590199414848E-003
   4010000000000.0000        9.0338108923851048E-003
   4020000000000.0000        9.5132733638900527E-003
   4030000000000.0000        9.9024107499966294E-003
   4040000000000.0000        9.9296979883853782E-003
   4050000000000.0000        9.6652377742450085E-003
   4060000000000.0000        9.3909595665587955E-003
   4070000000000.0000        9.2848535357209910E-003
   4080000000000.0000        9.2597600231920790E-003
   4090000000000.0000        9.1140722520669740E-003
   4100000000000.0000        8.8090598224633034E-003
   4110000000000.0000        8.5549355624441100E-003
   4120000000000.0000        8.6044783954461225E-003
   4130000000000.0000        8.9778610981386484E-003
   4140000000000.0000        9.4177922034413761E-003
   4150000000000.0000        9.6212959914939115E-003
   4160000000000.0000        9.5001968473486277E-003
   4170000000000.0000        9.2125366311727967E-003
   4180000000000.0000        8.9748453564542831E-003
   4190000000000.0000        8.8877389157088205E-003
   4200000000000.0000        8.9365366290289697E-003
   4210000000000.0000        9.0852682624669081E-003
   4220000000000.0000        9.2910425846843333E-003
   4230000000000.0000        9.4327529354590288E-003
   4240000000000.0000        9.3229986533384813E-003
   4250000000000.0000        8.8838773494600010E-003
   4260000000000.0000        8.3077392678274058E-003
   4270000000000.0000        7.9567986666243644E-003
   4280000000000.0000        8.0325201373582268E-003
   4290000000000.0000        8.3570761169537346E-003
   4300000000000.0000        8.5394120603303446E-003
   4310000000000.0000        8.3747930772805883E-003
   4320000000000.0000        8.0412325142961219E-003
   4330000000000.0000        7.8758134699580575E-003
   4340000000000.0000        7.9984833239881269E-003
   4350000000000.0000        8.2182868536903510E-003
   4360000000000.0000        8.3018524647608272E-003
   4370000000000.0000        8.2473598617354184E-003
   4380000000000.0000        8.2306464584709967E-003
   4390000000000.0000        8.3293874101999094E-003
   4400000000000.0000        8.4124211423808586E-003
   4410000000000.0000        8.3416984627374784E-003
   4420000000000.0000        8.1973116098349504E-003
   4430000000000.0000        8.1913532582633120E-003
   4440000000000.0000        8.3590227183874891E-003
   4450000000000.0000        8.4479634629183765E-003
   4460000000000.0000        8.2030866149191053E-003
   4470000000000.0000        7.7224092912651374E-003
   4480000000000.0000        7.4185375799909678E-003
   4490000000000.0000        7.5809583058314292E-003
   4500000000000.0000        8.0410508157186308E-003
   4510000000000.0000        8.3476559680324934E-003
   4520000000000.0000        8.2579211406742514E-003
   4530000000000.0000        7.9726226204976068E-003
   4540000000000.0000        7.8597840585484351E-003
   4550000000000.0000        8.0221889713583978E-003
   4560000000000.0000        8.2217287904828226E-003
   4570000000000.0000        8.2075098428456821E-003
   4580000000000.0000        8.0099516001037197E-003
   4590000000000.0000        7.8537932362530826E-003
   4600000000000.0000        7.8512209567085413E-003
   4610000000000.0000        7.8917326739072376E-003
   4620000000000.0000        7.8435603395027986E-003
   4630000000000.0000        7.7547355082025725E-003
   4640000000000.0000        7.7630472871736645E-003
   4650000000000.0000        7.8489408132298710E-003
   4660000000000.0000        7.8059170295396406E-003
   4670000000000.0000        7.5190370486411676E-003
   4680000000000.0000        7.2005356159976393E-003
   4690000000000.0000        7.2299725778621560E-003
   4700000000000.0000        7.7251123671529618E-003
   4710000000000.0000        8.3387367488760977E-003
   4720000000000.0000        8.5563106621613597E-003
   4730000000000.0000        8.2006392558030775E-003
   4740000000000.0000        7.6038675765575615E-003
   4750000000000.0000        7.2707145327046219E-003
   4760000000000.0000        7.4015613672106986E-003
   4770000000000.0000        7.7590824639966740E-003
   4780000000000.0000        7.9620506740456683E-003
   4790000000000.0000        7.8576913552552852E-003
   4800000000000.0000        7.6096487674160926E-003
   4810000000000.0000        7.4805348409059929E-003
   4820000000000.0000        7.5735039409026940E-003
   4830000000000.0000        7.7676358386494660E-003
   4840000000000.0000        7.8542647909896814E-003
   4850000000000.0000        7.7188454348494986E-003
   4860000000000.0000        7.4224549396356742E-003
   4870000000000.0000        7.1415062350727830E-003
   4880000000000.0000        7.0244457768843544E-003
   4890000000000.0000        7.0791538519217462E-003
   4900000000000.0000        7.1875877394722652E-003
   4910000000000.0000        7.2387269367738200E-003
   4920000000000.0000        7.2464573360362236E-003
   4930000000000.0000        7.3165011577154253E-003
   4940000000000.0000        7.4886267491326795E-003
   4950000000000.0000        7.6419782895146655E-003
   4960000000000.0000        7.6013642156780538E-003
   4970000000000.0000        7.3446620296202178E-003
   4980000000000.0000        7.0643148900461058E-003
   4990000000000.0000        6.9836886312780516E-003
   5000000000000.0000        7.1202967892896023E-003
