   10000000000.000000        2.3729163215822916E-002
   20000000000.000000        1.9780842194850032E-002
   30000000000.000000        2.0879493396425901E-002
   40000000000.000000        2.3770231223741951E-002
   50000000000.000000        1.8508974723961551E-002
   60000000000.000000        2.2393097493012885E-002
   70000000000.000000        2.3341376489451063E-002
   80000000000.000000        2.4167096836399674E-002
   90000000000.000000        2.5586239003916798E-002
   100000000000.00000        3.0329216203238779E-002
   110000000000.00000        3.3026360752333825E-002
   120000000000.00000        3.4563979879171453E-002
   130000000000.00000        3.4064118087286106E-002
   140000000000.00000        3.9051058341277596E-002
   150000000000.00000        3.4633997951476071E-002
   160000000000.00000        3.2696087570927436E-002
   170000000000.00000        4.2159133885067354E-002
   180000000000.00000        3.9186347475974680E-002
   190000000000.00000        5.1705405855846313E-002
   200000000000.00000        4.5682644184689723E-002
   210000000000.00000        5.3253939796490540E-002
   220000000000.00000        5.2654900974001315E-002
   230000000000.00000        5.8061921084111151E-002
   240000000000.00000        6.0267966074190583E-002
   250000000000.00000        6.0441726868158990E-002
   260000000000.00000        5.7346965403309171E-002
   270000000000.00000        4.7966063368439310E-002
   280000000000.00000        5.4861223101433147E-002
   290000000000.00000        5.3239516670754654E-002
   300000000000.00000        5.9018555960909297E-002
   310000000000.00000        6.1906191268412201E-002
   320000000000.00000        7.1051878999221690E-002
   330000000000.00000        5.9302492000850665E-002
   340000000000.00000        6.1601459168809249E-002
   350000000000.00000        6.1257307687816322E-002
   360000000000.00000        6.1040356070492657E-002
   370000000000.00000        7.3937534700559013E-002
   380000000000.00000        7.2187253824541373E-002
   390000000000.00000        7.3070620841261494E-002
   400000000000.00000        6.8486209651905106E-002
   410000000000.00000        7.4570304753642680E-002
   420000000000.00000        7.0237906914131135E-002
   430000000000.00000        6.5589298074425373E-002
   440000000000.00000        7.3686141939351135E-002
   450000000000.00000        6.4072169224420106E-002
   460000000000.00000        6.0792087173253816E-002
   470000000000.00000        6.7062631153892355E-002
   480000000000.00000        7.2301298484319820E-002
   490000000000.00000        6.6410421253557408E-002
   500000000000.00000        7.3090287832573292E-002
   510000000000.00000        7.5200705519984423E-002
   520000000000.00000        5.5631309349194850E-002
   530000000000.00000        7.1138256914552001E-002
   540000000000.00000        7.1690882996365224E-002
   550000000000.00000        7.0025075134627246E-002
   560000000000.00000        7.4079674594695846E-002
   570000000000.00000        6.7516460864766814E-002
   580000000000.00000        5.8719212090610796E-002
   590000000000.00000        6.4670891213677736E-002
   600000000000.00000        7.5115890815527747E-002
   610000000000.00000        7.8560043669805429E-002
   620000000000.00000        6.5982658717390896E-002
   630000000000.00000        6.6585329159936063E-002
   640000000000.00000        7.0141840962805194E-002
   650000000000.00000        7.0331717242986425E-002
   660000000000.00000        6.5330374534399771E-002
   670000000000.00000        7.9741471094966640E-002
   680000000000.00000        6.7788483547198325E-002
   690000000000.00000        5.9975467441897010E-002
   700000000000.00000        6.5153285433658018E-002
   710000000000.00000        6.3141514802544443E-002
   720000000000.00000        5.7608767301262145E-002
   730000000000.00000        5.7835324995083558E-002
   740000000000.00000        7.0028591911859242E-002
   750000000000.00000        6.4291926160325460E-002
   760000000000.00000        5.4995790216000276E-002
   770000000000.00000        7.0538219714937123E-002
   780000000000.00000        6.3246219239824458E-002
   790000000000.00000        5.8835939225596184E-002
   800000000000.00000        6.6804667006481577E-002
   810000000000.00000        7.1997604143166416E-002
   820000000000.00000        6.2627291144897776E-002
   830000000000.00000        7.3758710136828151E-002
   840000000000.00000        6.3323724074017845E-002
   850000000000.00000        5.5590453885510399E-002
   860000000000.00000        5.7812650732477475E-002
   870000000000.00000        6.9744672752815359E-002
   880000000000.00000        4.8330355470476843E-002
   890000000000.00000        6.0232487420213386E-002
   900000000000.00000        6.0642732433079626E-002
   910000000000.00000        5.8778276401403061E-002
   920000000000.00000        5.9057820135651237E-002
   930000000000.00000        6.2383487276509178E-002
   940000000000.00000        4.8400579265462609E-002
   950000000000.00000        4.9174978419560242E-002
   960000000000.00000        5.4134276686045889E-002
   970000000000.00000        4.4232793448155089E-002
   980000000000.00000        5.6034303150389847E-002
   990000000000.00000        5.3840566994705241E-002
   1000000000000.0000        5.0643129668337311E-002
   1010000000000.0000        4.5642155723661620E-002
   1020000000000.0000        4.7174418536560382E-002
   1030000000000.0000        4.9698138424227399E-002
   1040000000000.0000        4.8636788210531245E-002
   1050000000000.0000        4.7172876438880532E-002
   1060000000000.0000        4.8453538637018276E-002
   1070000000000.0000        4.7298428908472231E-002
   1080000000000.0000        3.8002198523611801E-002
   1090000000000.0000        5.1914412948349663E-002
   1100000000000.0000        3.7464204181496805E-002
   1110000000000.0000        4.5809614262495323E-002
   1120000000000.0000        4.2191039641268795E-002
   1130000000000.0000        4.6954548210896840E-002
   1140000000000.0000        4.2041507860410228E-002
   1150000000000.0000        4.7336973614802914E-002
   1160000000000.0000        3.7712822803987821E-002
   1170000000000.0000        4.0481514470271061E-002
   1180000000000.0000        4.9505840235122188E-002
   1190000000000.0000        3.4733199276248017E-002
   1200000000000.0000        3.7455462017754619E-002
   1210000000000.0000        4.2391469748265020E-002
   1220000000000.0000        3.8432576385386691E-002
   1230000000000.0000        4.2289451236650608E-002
   1240000000000.0000        3.0112090829337666E-002
   1250000000000.0000        3.4572394525763300E-002
   1260000000000.0000        3.8507878606679979E-002
   1270000000000.0000        3.6514649477119125E-002
   1280000000000.0000        3.7544743943561512E-002
   1290000000000.0000        3.8358818323231236E-002
   1300000000000.0000        4.7412609866378103E-002
   1310000000000.0000        4.0217860190941555E-002
   1320000000000.0000        3.4343375966336381E-002
   1330000000000.0000        3.6535900763546382E-002
   1340000000000.0000        3.1510634838138103E-002
   1350000000000.0000        3.3720845811398982E-002
   1360000000000.0000        3.2146665109906207E-002
   1370000000000.0000        3.1927737779791764E-002
   1380000000000.0000        3.7915043668818031E-002
   1390000000000.0000        2.8120262070926823E-002
   1400000000000.0000        3.4847809388285592E-002
   1410000000000.0000        2.9753474885046614E-002
   1420000000000.0000        2.8898892069601067E-002
   1430000000000.0000        3.1258085168457163E-002
   1440000000000.0000        3.2146783466507040E-002
   1450000000000.0000        2.7583429918888090E-002
   1460000000000.0000        2.7639385201492131E-002
   1470000000000.0000        3.3427891412215534E-002
   1480000000000.0000        3.1972225346088554E-002
   1490000000000.0000        2.3248979450063354E-002
   1500000000000.0000        2.8269865211403809E-002
   1510000000000.0000        3.1318739581029133E-002
   1520000000000.0000        3.0972588422414890E-002
   1530000000000.0000        3.6597832335430923E-002
   1540000000000.0000        2.9708612589470183E-002
   1550000000000.0000        2.4949073981180469E-002
   1560000000000.0000        2.6119376902052783E-002
   1570000000000.0000        2.4964828014598078E-002
   1580000000000.0000        3.0582754907888733E-002
   1590000000000.0000        2.8248729066106072E-002
   1600000000000.0000        2.3801148219359011E-002
   1610000000000.0000        2.9122244823507892E-002
   1620000000000.0000        2.8714667878878334E-002
   1630000000000.0000        2.6972688631008646E-002
   1640000000000.0000        2.6555211274249604E-002
   1650000000000.0000        3.1028437564675899E-002
   1660000000000.0000        2.3205199210514772E-002
   1670000000000.0000        2.6992998506295104E-002
   1680000000000.0000        2.8914389734549375E-002
   1690000000000.0000        2.7689016690643272E-002
   1700000000000.0000        2.7292872271598906E-002
   1710000000000.0000        2.3838230061801313E-002
   1720000000000.0000        2.3084324641825225E-002
   1730000000000.0000        2.4964379900994080E-002
   1740000000000.0000        2.2456484273136828E-002
   1750000000000.0000        2.2933339031625869E-002
   1760000000000.0000        2.3611694656877763E-002
   1770000000000.0000        2.1490053210435178E-002
   1780000000000.0000        2.1076013555543088E-002
   1790000000000.0000        2.3100375225351692E-002
   1800000000000.0000        2.3356568979588141E-002
   1810000000000.0000        2.5287632011010794E-002
   1820000000000.0000        1.9380084058264271E-002
   1830000000000.0000        2.5237416363050196E-002
   1840000000000.0000        2.0983688981168612E-002
   1850000000000.0000        2.4413863521522895E-002
   1860000000000.0000        1.7913449371137855E-002
   1870000000000.0000        2.1012433888238299E-002
   1880000000000.0000        2.3236825285481676E-002
   1890000000000.0000        2.0216883687770547E-002
   1900000000000.0000        2.1783350567643890E-002
   1910000000000.0000        1.7665642613539142E-002
   1920000000000.0000        2.1428301741189659E-002
   1930000000000.0000        1.8476124089089628E-002
   1940000000000.0000        2.2764475091410392E-002
   1950000000000.0000        2.0006569573786829E-002
   1960000000000.0000        2.1648301103395315E-002
   1970000000000.0000        2.0377811879926700E-002
   1980000000000.0000        1.4854473247520513E-002
   1990000000000.0000        1.8771528216441506E-002
   2000000000000.0000        2.2126990202980579E-002
   2010000000000.0000        1.8391624049148816E-002
   2020000000000.0000        2.2037268899409844E-002
   2030000000000.0000        2.1205755134572138E-002
   2040000000000.0000        1.8998695067253005E-002
   2050000000000.0000        1.8697228071376151E-002
   2060000000000.0000        1.8470044488575400E-002
   2070000000000.0000        1.9364009505443633E-002
   2080000000000.0000        1.7051368244954231E-002
   2090000000000.0000        2.0708285115078988E-002
   2100000000000.0000        1.8862131187736737E-002
   2110000000000.0000        1.7328724509024080E-002
   2120000000000.0000        1.6844787220738400E-002
   2130000000000.0000        1.5440919443675207E-002
   2140000000000.0000        1.9897514629533403E-002
   2150000000000.0000        1.7170481963338525E-002
   2160000000000.0000        1.6344755925203881E-002
   2170000000000.0000        1.4651769813755931E-002
   2180000000000.0000        1.8216466410999988E-002
   2190000000000.0000        1.8940469919022748E-002
   2200000000000.0000        1.9683871753383826E-002
   2210000000000.0000        1.8301561921983529E-002
   2220000000000.0000        1.6576155548446561E-002
   2230000000000.0000        1.6573112870880174E-002
   2240000000000.0000        1.7614261886443779E-002
   2250000000000.0000        1.4073648425537653E-002
   2260000000000.0000        1.7137327058239244E-002
   2270000000000.0000        1.7889239373094803E-002
   2280000000000.0000        1.7258724856337272E-002
   2290000000000.0000        1.5908362414896779E-002
   2300000000000.0000        1.4184564934444324E-002
   2310000000000.0000        1.5906444188292328E-002
   2320000000000.0000        1.5105469825151192E-002
   2330000000000.0000        1.6490103827916307E-002
   2340000000000.0000        1.7655207011044661E-002
   2350000000000.0000        1.5823282305246069E-002
   2360000000000.0000        1.4052470991691785E-002
   2370000000000.0000        1.4841277264368595E-002
   2380000000000.0000        1.5279625848822176E-002
   2390000000000.0000        1.6269329721155676E-002
   2400000000000.0000        1.5596108532519365E-002
   2410000000000.0000        1.4766829744144783E-002
   2420000000000.0000        1.3769278411537477E-002
   2430000000000.0000        1.6386747885981469E-002
   2440000000000.0000        1.2727373564196369E-002
   2450000000000.0000        1.5389506504792219E-002
   2460000000000.0000        1.5112553524425485E-002
   2470000000000.0000        1.5913327750177654E-002
   2480000000000.0000        1.1727196997830707E-002
   2490000000000.0000        1.2118707008860760E-002
   2500000000000.0000        1.4600651265566025E-002
   2510000000000.0000        1.5074385040220026E-002
   2520000000000.0000        1.6135491499012476E-002
   2530000000000.0000        1.6808551436429689E-002
   2540000000000.0000        1.4164816584289853E-002
   2550000000000.0000        1.3580729046034681E-002
   2560000000000.0000        1.4890092917501209E-002
   2570000000000.0000        1.2369054659856230E-002
   2580000000000.0000        1.4766573630168115E-002
   2590000000000.0000        1.3124694253945879E-002
   2600000000000.0000        1.3438139104521889E-002
   2610000000000.0000        1.2487095465709206E-002
   2620000000000.0000        1.1173769618004694E-002
   2630000000000.0000        1.3623226578035779E-002
   2640000000000.0000        1.1992754182347026E-002
   2650000000000.0000        1.3442977647237680E-002
   2660000000000.0000        1.0589658841982328E-002
   2670000000000.0000        1.3313531263502133E-002
   2680000000000.0000        1.2699921383637453E-002
   2690000000000.0000        1.1223126117168809E-002
   2700000000000.0000        1.2950043005164431E-002
   2710000000000.0000        1.2356071181867512E-002
   2720000000000.0000        1.3885807410738193E-002
   2730000000000.0000        1.2102949373627684E-002
   2740000000000.0000        9.6448451523133295E-003
   2750000000000.0000        1.2817126765575941E-002
   2760000000000.0000        1.0906199867394708E-002
   2770000000000.0000        1.1099081089937742E-002
   2780000000000.0000        1.1831204265266657E-002
   2790000000000.0000        1.2589697725419508E-002
   2800000000000.0000        1.2431257412976888E-002
   2810000000000.0000        1.2638605712345890E-002
   2820000000000.0000        1.1719279894969077E-002
   2830000000000.0000        1.2968569315416543E-002
   2840000000000.0000        9.4965156258931139E-003
   2850000000000.0000        1.1220195159271695E-002
   2860000000000.0000        1.2740539367059368E-002
   2870000000000.0000        1.1859238765130418E-002
   2880000000000.0000        1.2029563052654117E-002
   2890000000000.0000        1.0647211109662071E-002
   2900000000000.0000        1.3063492497577732E-002
   2910000000000.0000        1.2154982338894050E-002
   2920000000000.0000        8.8823422057549544E-003
   2930000000000.0000        9.4873864419302515E-003
   2940000000000.0000        9.2898427691855030E-003
   2950000000000.0000        1.1061718000750554E-002
   2960000000000.0000        9.8404627383318049E-003
   2970000000000.0000        1.1376771199250162E-002
   2980000000000.0000        1.1801788654123355E-002
   2990000000000.0000        1.1759123599557586E-002
   3000000000000.0000        1.0640870481599896E-002
   3010000000000.0000        1.0555940783552204E-002
   3020000000000.0000        1.0363790951580670E-002
   3030000000000.0000        1.1376015684155931E-002
   3040000000000.0000        1.0178159165053094E-002
   3050000000000.0000        9.6122242962232134E-003
   3060000000000.0000        9.3416813250380756E-003
   3070000000000.0000        1.1069883166635614E-002
   3080000000000.0000        1.0032264277539815E-002
   3090000000000.0000        1.1864762336517256E-002
   3100000000000.0000        1.0595392285369799E-002
   3110000000000.0000        1.0382290192009482E-002
   3120000000000.0000        9.0024897793802260E-003
   3130000000000.0000        9.2116335476007290E-003
   3140000000000.0000        9.0574691555635137E-003
   3150000000000.0000        9.5724498468216946E-003
   3160000000000.0000        9.4016364365618298E-003
   3170000000000.0000        9.9437697191510944E-003
   3180000000000.0000        9.9294151733178675E-003
   3190000000000.0000        8.8555692188069524E-003
   3200000000000.0000        8.4081335058771092E-003
   3210000000000.0000        9.7666027302165722E-003
   3220000000000.0000        9.4349275330091291E-003
   3230000000000.0000        8.3920816287958722E-003
   3240000000000.0000        9.1566086112229942E-003
   3250000000000.0000        8.8550955528648185E-003
   3260000000000.0000        8.2521479168010739E-003
   3270000000000.0000        1.0363461875212723E-002
   3280000000000.0000        9.0115993916536768E-003
   3290000000000.0000        8.0614721266602206E-003
   3300000000000.0000        8.1754177637693385E-003
   3310000000000.0000        9.1408268929241039E-003
   3320000000000.0000        9.2971721605760328E-003
   3330000000000.0000        8.3460889690504751E-003
   3340000000000.0000        9.1749277761050876E-003
   3350000000000.0000        7.7611856647949225E-003
   3360000000000.0000        9.0408130757522083E-003
   3370000000000.0000        8.7313017261335547E-003
   3380000000000.0000        8.8289563205104938E-003
   3390000000000.0000        8.5266376356181242E-003
   3400000000000.0000        7.0105871317537802E-003
   3410000000000.0000        9.1575652182089937E-003
   3420000000000.0000        7.7612147108515476E-003
   3430000000000.0000        1.0532123738035660E-002
   3440000000000.0000        8.0806911261202125E-003
   3450000000000.0000        8.4002144056626524E-003
   3460000000000.0000        8.7944585541570343E-003
   3470000000000.0000        7.7874868854875059E-003
   3480000000000.0000        8.3553779209957543E-003
   3490000000000.0000        8.3570953038513383E-003
   3500000000000.0000        8.7318194066932312E-003
   3510000000000.0000        8.1896755610730444E-003
   3520000000000.0000        7.3392460806723514E-003
   3530000000000.0000        6.8077498073947171E-003
   3540000000000.0000        8.4073793295165785E-003
   3550000000000.0000        8.0073091156488158E-003
   3560000000000.0000        9.6816302920712423E-003
   3570000000000.0000        8.2453397665823002E-003
   3580000000000.0000        7.7373943954435745E-003
   3590000000000.0000        7.8605484272468336E-003
   3600000000000.0000        7.8062414556795030E-003
   3610000000000.0000        7.7309519758736586E-003
   3620000000000.0000        6.6137643271270610E-003
   3630000000000.0000        7.7433342346504798E-003
   3640000000000.0000        7.3183820923977813E-003
   3650000000000.0000        7.7693501782061846E-003
   3660000000000.0000        7.9551819546723000E-003
   3670000000000.0000        7.7160242257975249E-003
   3680000000000.0000        7.3669186826011614E-003
   3690000000000.0000        7.5037457525178909E-003
   3700000000000.0000        7.1105751308427785E-003
   3710000000000.0000        8.1983564498390050E-003
   3720000000000.0000        6.4844135058241296E-003
   3730000000000.0000        7.5237010233498609E-003
   3740000000000.0000        6.4149725266167855E-003
   3750000000000.0000        6.3650572613286631E-003
   3760000000000.0000        7.9013748425128746E-003
   3770000000000.0000        7.8335168098235108E-003
   3780000000000.0000        7.1967836000624754E-003
   3790000000000.0000        5.9119062334401515E-003
   3800000000000.0000        8.4163595131006991E-003
   3810000000000.0000        6.4371383526491974E-003
   3820000000000.0000        7.0215995854130799E-003
   3830000000000.0000        7.6157607457427922E-003
   3840000000000.0000        7.7045244959241888E-003
   3850000000000.0000        6.4932519752571981E-003
   3860000000000.0000        6.3914568816461244E-003
   3870000000000.0000        6.1477403221737439E-003
   3880000000000.0000        6.9586888412294804E-003
   3890000000000.0000        6.0132470845448592E-003
   3900000000000.0000        7.2010381843132000E-003
   3910000000000.0000        7.3057142058523305E-003
   3920000000000.0000        6.0983042597321816E-003
   3930000000000.0000        6.6404884253697472E-003
   3940000000000.0000        6.8018471385164984E-003
   3950000000000.0000        6.3427162036587869E-003
   3960000000000.0000        7.7692609770675537E-003
   3970000000000.0000        5.9544734818669232E-003
   3980000000000.0000        6.2027625903673554E-003
   3990000000000.0000        6.3195807292865816E-003
   4000000000000.0000        6.7542676482295538E-003
   4010000000000.0000        7.0969450767124458E-003
   4020000000000.0000        6.1382960083403281E-003
   4030000000000.0000        6.5402407939273918E-003
   4040000000000.0000        7.3597113832987804E-003
   4050000000000.0000        6.6307570927766927E-003
   4060000000000.0000        6.1797235583154284E-003
   4070000000000.0000        6.2131292623947591E-003
   4080000000000.0000        6.9087268727424109E-003
   4090000000000.0000        6.4690464905690758E-003
   4100000000000.0000        6.1564012095044083E-003
   4110000000000.0000        5.9498464518683361E-003
   4120000000000.0000        5.0674168977054568E-003
   4130000000000.0000        7.2893749728552594E-003
   4140000000000.0000        6.0493077008022637E-003
   4150000000000.0000        6.2348993854699115E-003
   4160000000000.0000        7.3784114313954043E-003
   4170000000000.0000        6.4027090870002849E-003
   4180000000000.0000        5.3013549151271419E-003
   4190000000000.0000        6.8344202072639984E-003
   4200000000000.0000        5.9052095895241498E-003
   4210000000000.0000        6.7497552430866902E-003
   4220000000000.0000        6.2384836734015138E-003
   4230000000000.0000        6.5134377725243296E-003
   4240000000000.0000        6.7213067483080022E-003
   4250000000000.0000        5.4333405609673204E-003
   4260000000000.0000        5.8000239671944856E-003
   4270000000000.0000        5.4124321082839877E-003
   4280000000000.0000        5.2904383394842911E-003
   4290000000000.0000        5.8285909205126061E-003
   4300000000000.0000        4.8881724004580527E-003
   4310000000000.0000        5.7068639226882378E-003
   4320000000000.0000        5.4082280813298614E-003
   4330000000000.0000        4.8221432645847336E-003
   4340000000000.0000        4.9697688437723856E-003
   4350000000000.0000        5.3942388162860726E-003
   4360000000000.0000        5.5590604505739464E-003
   4370000000000.0000        4.9603212704921636E-003
   4380000000000.0000        5.9820070408461703E-003
   4390000000000.0000        5.3816600472621334E-003
   4400000000000.0000        5.6980823127361331E-003
   4410000000000.0000        5.7080380564997445E-003
   4420000000000.0000        5.8063635337518597E-003
   4430000000000.0000        4.7755661044704715E-003
   4440000000000.0000        5.1564316831487315E-003
   4450000000000.0000        6.3301499866097732E-003
   4460000000000.0000        5.6540638371042409E-003
   4470000000000.0000        4.3828906088229360E-003
   4480000000000.0000        4.9272968550004587E-003
   4490000000000.0000        4.5079269247071787E-003
   4500000000000.0000        5.1342711805315170E-003
   4510000000000.0000        6.0282098350191923E-003
   4520000000000.0000        5.0818946837338742E-003
   4530000000000.0000        4.8610913378502561E-003
   4540000000000.0000        5.8808522040203828E-003
   4550000000000.0000        4.7654821379772829E-003
   4560000000000.0000        5.1919600887343886E-003
   4570000000000.0000        6.0439193742139810E-003
   4580000000000.0000        4.8634841861564838E-003
   4590000000000.0000        5.4848253515936089E-003
   4600000000000.0000        4.8309655378772571E-003
   4610000000000.0000        4.6607290905540276E-003
   4620000000000.0000        5.6946366289171912E-003
   4630000000000.0000        4.5799378954030625E-003
   4640000000000.0000        4.7871058859231316E-003
   4650000000000.0000        5.0628681830029373E-003
   4660000000000.0000        5.4322818463721952E-003
   4670000000000.0000        3.7806292755208498E-003
   4680000000000.0000        4.8604516854674935E-003
   4690000000000.0000        4.0876075196397835E-003
   4700000000000.0000        5.1262556402217581E-003
   4710000000000.0000        5.5526291313773178E-003
   4720000000000.0000        5.7597937253620144E-003
   4730000000000.0000        5.3030925313846651E-003
   4740000000000.0000        4.5684669312516055E-003
   4750000000000.0000        4.5337162428990725E-003
   4760000000000.0000        5.4434221881961868E-003
   4770000000000.0000        4.7363503385788701E-003
   4780000000000.0000        4.5026881162852674E-003
   4790000000000.0000        5.2537991443455919E-003
   4800000000000.0000        5.0553820402910107E-003
   4810000000000.0000        4.6413615946928992E-003
   4820000000000.0000        4.7373359174670386E-003
   4830000000000.0000        4.6507126534654211E-003
   4840000000000.0000        5.6169939847910653E-003
   4850000000000.0000        4.8044631027917535E-003
   4860000000000.0000        4.6164463936176382E-003
   4870000000000.0000        4.4206482428400182E-003
   4880000000000.0000        4.2141102057530605E-003
   4890000000000.0000        3.8625833179954223E-003
   4900000000000.0000        4.5335260733678183E-003
   4910000000000.0000        4.2258301113003317E-003
   4920000000000.0000        4.2647664766572819E-003
   4930000000000.0000        4.7852161139363865E-003
   4940000000000.0000        4.9763120775333488E-003
   4950000000000.0000        4.4316205000218024E-003
   4960000000000.0000        4.5470241461970616E-003
   4970000000000.0000        5.2427951355100534E-003
   4980000000000.0000        3.9253172654399428E-003
   4990000000000.0000        3.6866408751717403E-003
   5000000000000.0000        4.6900716643314584E-003
