   0.0000000000000000        3.2266973205835707E-002
   10000000000.000000        9.8921451679940264E-003
   20000000000.000000        6.4832061199574910E-003
   30000000000.000000        2.5943051029761778E-002
   40000000000.000000        2.6825208443244128E-003
   50000000000.000000        1.9051260531770052E-002
   60000000000.000000        6.2682957205890755E-003
   70000000000.000000        7.1593686121294966E-003
   80000000000.000000        4.1741380182077868E-002
   90000000000.000000        1.6871921612956694E-002
   100000000000.00000        3.4871115075451337E-003
   110000000000.00000        4.0229072090323489E-002
   120000000000.00000       0.12371648856254551     
   130000000000.00000        3.4589091518660050E-003
   140000000000.00000        3.4153249259366164E-003
   150000000000.00000        1.2485932563652653E-003
   160000000000.00000        6.2733933060725416E-002
   170000000000.00000        7.2454397636720291E-002
   180000000000.00000        2.2760673748719294E-002
   190000000000.00000        5.5851980806163028E-002
   200000000000.00000       0.13554247096084315     
   210000000000.00000        2.8828840570563268E-002
   220000000000.00000        7.8984252413752416E-003
   230000000000.00000        2.2493199398428358E-002
   240000000000.00000        9.0514847504777979E-002
   250000000000.00000       0.10718609048606735     
   260000000000.00000        8.3682788206540126E-002
   270000000000.00000        4.3281047399446472E-002
   280000000000.00000        3.6697787198789827E-002
   290000000000.00000        2.0756012214213315E-002
   300000000000.00000       0.10193743863664934     
   310000000000.00000        6.9142181076165626E-002
   320000000000.00000        2.3947620068232384E-002
   330000000000.00000        3.1029568096642922E-004
   340000000000.00000        4.1315863645029899E-002
   350000000000.00000        3.0886563061154032E-002
   360000000000.00000        1.2414691065879852E-002
   370000000000.00000        4.1800601235077086E-003
   380000000000.00000        5.0734458060900843E-002
   390000000000.00000        3.7119648710280629E-003
   400000000000.00000        7.8606837521268888E-002
   410000000000.00000       0.22528613070414524     
   420000000000.00000        2.3696813995433417E-002
   430000000000.00000        5.5211034088867607E-002
   440000000000.00000        2.7214644516808519E-002
   450000000000.00000       0.10843659102247614     
   460000000000.00000       0.14099615223561693     
   470000000000.00000        3.5555909613209681E-002
   480000000000.00000       0.12321594440774179     
   490000000000.00000        1.4006420641043715E-002
   500000000000.00000        8.8410031004092948E-002
   510000000000.00000        6.0816494540275545E-002
   520000000000.00000        5.1514083077095228E-002
   530000000000.00000        2.2967479048503950E-002
   540000000000.00000        4.0017727668635081E-002
   550000000000.00000        7.0898947464550569E-002
   560000000000.00000       0.22896185161141000     
   570000000000.00000        3.8128045988905804E-002
   580000000000.00000        8.3233221999722690E-002
   590000000000.00000       0.16151086252816538     
   600000000000.00000        2.1542657373328718E-002
   610000000000.00000        3.4725493809754433E-002
   620000000000.00000        1.5751061634203364E-002
   630000000000.00000        2.6621929361461003E-002
   640000000000.00000        1.7895795645127395E-002
   650000000000.00000        8.5792394483806739E-002
   660000000000.00000       0.27129105630816058     
   670000000000.00000        8.8250140927097168E-002
   680000000000.00000        1.6619648362115512E-002
   690000000000.00000        3.6206314987091252E-002
   700000000000.00000        3.5613211898959600E-002
   710000000000.00000       0.16120943566488269     
   720000000000.00000        1.5747001098000118E-003
   730000000000.00000        7.2445645088310723E-002
   740000000000.00000       0.21181003451273284     
   750000000000.00000       0.14703443089965537     
   760000000000.00000        2.1786133501108030E-003
   770000000000.00000        3.5547665514532104E-002
   780000000000.00000        5.7786454072827776E-003
   790000000000.00000        3.1603035693726703E-002
   800000000000.00000        1.3532823470582890E-002
   810000000000.00000        2.0164305292242272E-002
   820000000000.00000        1.2156159145790246E-002
   830000000000.00000       0.11606487538656303     
   840000000000.00000        2.4256687058527549E-003
   850000000000.00000        7.6467518646287855E-002
   860000000000.00000        9.1562502862180886E-003
   870000000000.00000        2.5348702422446764E-003
   880000000000.00000        1.2943084057361552E-002
   890000000000.00000       0.17335995359435685     
   900000000000.00000        6.4367320076347878E-002
   910000000000.00000        1.7564593761337793E-004
   920000000000.00000        4.2515008459614617E-002
   930000000000.00000        7.7216417001302995E-002
   940000000000.00000        7.0417146847848347E-002
   950000000000.00000        7.3981868526779308E-004
   960000000000.00000        6.9707153354225410E-003
   970000000000.00000        1.6298516888174635E-005
   980000000000.00000        6.3988668041629851E-002
   990000000000.00000        1.5977886772281701E-002
   1000000000000.0000        3.9533687780403469E-002
   1010000000000.0000        4.6767306179492131E-003
   1020000000000.0000        7.4686273404426712E-002
   1030000000000.0000        2.8416833723298320E-002
   1040000000000.0000        3.0337865727665562E-002
   1050000000000.0000        1.7752705407383072E-002
   1060000000000.0000        1.0943022791539792E-002
   1070000000000.0000        4.5311092087833314E-002
   1080000000000.0000        1.4846446097703228E-002
   1090000000000.0000        8.4195279420464550E-002
   1100000000000.0000        3.4303612672627347E-002
   1110000000000.0000        7.8182478253646576E-002
   1120000000000.0000        7.4645552623299305E-002
   1130000000000.0000        6.2307378500100347E-004
   1140000000000.0000        4.1528070790325382E-002
   1150000000000.0000        3.2793993176331304E-002
   1160000000000.0000        2.2111562632994502E-002
   1170000000000.0000       0.13024116882644660     
   1180000000000.0000        1.6723143844389936E-002
   1190000000000.0000        1.3700564842700248E-002
   1200000000000.0000        1.7962629163630707E-002
   1210000000000.0000        4.5181113443250896E-002
   1220000000000.0000        4.7451359101663905E-002
   1230000000000.0000       0.18789109402542356     
   1240000000000.0000        4.6353682486135535E-002
   1250000000000.0000        2.8233530595130640E-003
   1260000000000.0000        9.4670236474087635E-002
   1270000000000.0000        1.7794475403703540E-002
   1280000000000.0000        4.5947102964674063E-003
   1290000000000.0000        5.8866725334420110E-003
   1300000000000.0000        1.8187692723164894E-002
   1310000000000.0000        3.4073523067401544E-002
   1320000000000.0000       0.16924869784516955     
   1330000000000.0000        1.9121635414067920E-002
   1340000000000.0000        1.8410319346349686E-002
   1350000000000.0000        9.6444274122592585E-002
   1360000000000.0000        1.1650866946576978E-002
   1370000000000.0000        5.2512843558236641E-002
   1380000000000.0000        5.6958814594806409E-003
   1390000000000.0000        2.1759174602952635E-002
   1400000000000.0000        1.4237298626960507E-002
   1410000000000.0000        2.1426026739742279E-002
   1420000000000.0000        7.6371240045786229E-002
   1430000000000.0000        1.4415707653944150E-002
   1440000000000.0000        3.4043187723096932E-002
   1450000000000.0000        1.9145801778825754E-002
   1460000000000.0000        7.1936579277690718E-002
   1470000000000.0000        6.9361962222900309E-002
   1480000000000.0000        1.4584759854625618E-002
   1490000000000.0000        2.6950388284091016E-003
   1500000000000.0000        5.9554189603234532E-003
   1510000000000.0000        2.9702268980317678E-002
   1520000000000.0000        5.1048408872174225E-002
   1530000000000.0000        2.0878306104049772E-002
   1540000000000.0000        3.9081129995567149E-002
   1550000000000.0000        1.2766976032446680E-002
   1560000000000.0000        6.3272023885604226E-002
   1570000000000.0000        1.2716750848948783E-002
   1580000000000.0000        1.6766414940186558E-003
   1590000000000.0000        8.8016402770007423E-004
   1600000000000.0000        7.8183865983043905E-003
   1610000000000.0000        4.0758803849344095E-003
   1620000000000.0000        4.2027275144253702E-002
   1630000000000.0000        4.2523519132826662E-002
   1640000000000.0000        5.7266953139230449E-002
   1650000000000.0000        7.3298910955092555E-002
   1660000000000.0000        5.8882207892018611E-002
   1670000000000.0000        8.9979396308203757E-002
   1680000000000.0000       0.13974789367563525     
   1690000000000.0000        1.7765715987359817E-002
   1700000000000.0000        1.3647733888711324E-002
   1710000000000.0000        5.7639338269617271E-002
   1720000000000.0000        3.2943588421573688E-002
   1730000000000.0000        7.8109836128345489E-002
   1740000000000.0000        9.9606805132685175E-003
   1750000000000.0000        3.1530639890820921E-003
   1760000000000.0000        1.1923055842426103E-002
   1770000000000.0000        4.8424301928386045E-002
   1780000000000.0000        2.0872798501785708E-002
   1790000000000.0000        1.0391505891533365E-003
   1800000000000.0000        2.6369678726276175E-002
   1810000000000.0000        2.1442042627399835E-002
   1820000000000.0000        1.0555662056595791E-002
   1830000000000.0000        3.6901677451249441E-002
   1840000000000.0000        4.5180669856675237E-002
   1850000000000.0000        1.1769995790754915E-002
   1860000000000.0000        2.8782154853302083E-002
   1870000000000.0000        7.8370043797104539E-003
   1880000000000.0000        1.7359658034699025E-002
   1890000000000.0000        9.3209225978676549E-002
   1900000000000.0000        4.2273419039843012E-004
   1910000000000.0000        4.4580745847969056E-003
   1920000000000.0000        3.4853462565472468E-003
   1930000000000.0000        9.0664470319555060E-003
   1940000000000.0000        1.9981655925439563E-002
   1950000000000.0000        1.4665727946266721E-002
   1960000000000.0000        6.0922143275170789E-003
   1970000000000.0000        1.0657868240725715E-002
   1980000000000.0000        1.9966322696979089E-003
   1990000000000.0000        5.7137075764462780E-002
   2000000000000.0000        1.2936506416770111E-003
   2010000000000.0000        1.1338428355527091E-002
   2020000000000.0000        8.8435198238355946E-003
   2030000000000.0000        6.0016784569750382E-002
   2040000000000.0000        1.8746895596730692E-002
   2050000000000.0000        2.9583533617232718E-002
   2060000000000.0000        1.6892424922205686E-002
   2070000000000.0000        5.1777699499342369E-002
   2080000000000.0000        2.3465640547018399E-002
   2090000000000.0000        8.6710418123935179E-003
   2100000000000.0000        5.9227937006168087E-004
   2110000000000.0000        2.6006163616098952E-002
   2120000000000.0000        2.1083135772747005E-002
   2130000000000.0000        8.8740219217989442E-004
   2140000000000.0000        1.0041323456653928E-002
   2150000000000.0000        2.2341587268245897E-002
   2160000000000.0000        1.0967846334155141E-002
   2170000000000.0000        3.8535345967683272E-002
   2180000000000.0000        5.1851392332324603E-003
   2190000000000.0000        1.6329439665572740E-002
   2200000000000.0000        3.7476645041719304E-002
   2210000000000.0000        2.2566206161070874E-002
   2220000000000.0000        3.7127335341828444E-003
   2230000000000.0000        4.5716629463202423E-002
   2240000000000.0000        2.1705478313425560E-002
   2250000000000.0000        1.8604398130640583E-002
   2260000000000.0000        2.9316118004710939E-002
   2270000000000.0000        8.0142188926903973E-003
   2280000000000.0000        2.2988629725229165E-002
   2290000000000.0000        1.0423118374607063E-002
   2300000000000.0000        7.1921448004438112E-003
   2310000000000.0000        4.9221492920706447E-002
   2320000000000.0000        2.2211387078404216E-002
   2330000000000.0000        6.3172578800493708E-003
   2340000000000.0000        4.7364431097247049E-003
   2350000000000.0000        1.3051220045160381E-002
   2360000000000.0000        3.7323633567642123E-002
   2370000000000.0000        2.5717193905530271E-003
   2380000000000.0000        1.8488163820815660E-002
   2390000000000.0000        3.2178131467747152E-002
   2400000000000.0000        1.8166134327098401E-002
   2410000000000.0000        8.7768370082919725E-002
   2420000000000.0000        1.2181390690786694E-002
   2430000000000.0000        1.3996541018312067E-002
   2440000000000.0000        2.8025934297958160E-003
   2450000000000.0000        2.5501185423277343E-002
   2460000000000.0000        2.1636392018578980E-004
   2470000000000.0000        1.5239884250248322E-002
   2480000000000.0000        8.4181037215789751E-003
   2490000000000.0000        4.9655564765509292E-003
   2500000000000.0000        1.4939247846392843E-003
   2510000000000.0000        1.0630710869545524E-002
   2520000000000.0000        3.1594967531995748E-002
   2530000000000.0000        2.9720803909168089E-002
   2540000000000.0000        4.4220272976761926E-002
   2550000000000.0000        5.4841859163555521E-003
   2560000000000.0000        8.8909109952057998E-003
   2570000000000.0000        2.2612813994835494E-002
   2580000000000.0000        4.2993141592702074E-002
   2590000000000.0000        4.4537554443870473E-003
   2600000000000.0000        1.0554828278325153E-002
   2610000000000.0000        1.9870063102581667E-003
   2620000000000.0000        1.8791206558775555E-002
   2630000000000.0000        4.8049840048424953E-003
   2640000000000.0000        3.5965813326396777E-002
   2650000000000.0000        7.9243139275487050E-003
   2660000000000.0000        1.2185643925603557E-002
   2670000000000.0000        8.7995063613261065E-003
   2680000000000.0000        7.1018781083251039E-003
   2690000000000.0000        1.2776268148729977E-002
   2700000000000.0000        8.8536331331035365E-003
   2710000000000.0000        2.1004701763209357E-002
   2720000000000.0000        3.2718692527714645E-003
   2730000000000.0000        1.7195995751027277E-002
   2740000000000.0000        2.6763436698589438E-003
   2750000000000.0000        1.9349951011181976E-002
   2760000000000.0000        4.0822501627852895E-003
   2770000000000.0000        1.4192796290440908E-002
   2780000000000.0000        3.6845073529122837E-003
   2790000000000.0000        8.4475282296693505E-003
   2800000000000.0000        2.1534487924469853E-003
   2810000000000.0000        2.6214941375942016E-004
   2820000000000.0000        4.5469080653714094E-003
   2830000000000.0000        1.7963014571609426E-002
   2840000000000.0000        4.0898959949372815E-003
   2850000000000.0000        1.4176125574892172E-002
   2860000000000.0000        8.0743079545368187E-003
   2870000000000.0000        2.6413226999286131E-002
   2880000000000.0000        3.1863813729669940E-002
   2890000000000.0000        2.9650774587883993E-002
   2900000000000.0000        1.5152481519284201E-002
   2910000000000.0000        5.7139044414815671E-003
   2920000000000.0000        2.5997358517302206E-002
   2930000000000.0000        7.9957993480616772E-004
   2940000000000.0000        2.5307145827950590E-002
   2950000000000.0000        3.9261845101455266E-003
   2960000000000.0000        5.3311739612745197E-004
   2970000000000.0000        2.1207628367889779E-003
   2980000000000.0000        7.1661471991129695E-003
   2990000000000.0000        1.2966519221572541E-002
   3000000000000.0000        2.3743996596828597E-002
   3010000000000.0000        1.6825730386952860E-004
   3020000000000.0000        1.6469258661220218E-002
   3030000000000.0000        2.5051618243224202E-002
   3040000000000.0000        1.6950016681249923E-002
   3050000000000.0000        5.3777408607175994E-003
   3060000000000.0000        2.1922290295201181E-003
   3070000000000.0000        1.6597774782822084E-002
   3080000000000.0000        1.8852785452956509E-002
   3090000000000.0000        2.3791340208659394E-004
   3100000000000.0000        1.7840848097590345E-002
   3110000000000.0000        9.9630778329613239E-003
   3120000000000.0000        1.2347430500870754E-002
   3130000000000.0000        6.5964967058798835E-003
   3140000000000.0000        2.3323415266180019E-002
   3150000000000.0000        5.1033342567675432E-003
   3160000000000.0000        1.7128535557410492E-003
   3170000000000.0000        8.9332543000372955E-005
   3180000000000.0000        3.8871540575291416E-004
   3190000000000.0000        6.7276537896167488E-003
   3200000000000.0000        5.0905319382840751E-003
   3210000000000.0000        1.8110334350379547E-002
   3220000000000.0000        2.9747491123510122E-003
   3230000000000.0000        3.8721380004763141E-003
   3240000000000.0000        1.3928913117802613E-002
   3250000000000.0000        2.7598692938045296E-003
   3260000000000.0000        1.4842875732040180E-002
   3270000000000.0000        5.8813181398543659E-003
   3280000000000.0000        2.3344284792215192E-003
   3290000000000.0000        8.3334730560248923E-003
   3300000000000.0000        6.1182358861574136E-003
   3310000000000.0000        9.6402852574713430E-003
   3320000000000.0000        1.8990845585486031E-004
   3330000000000.0000        1.3672539841780035E-002
   3340000000000.0000        1.4164426760929950E-002
   3350000000000.0000        1.8919447508126304E-003
   3360000000000.0000        5.2150744591942019E-003
   3370000000000.0000        1.1479943316856232E-003
   3380000000000.0000        1.3054325911098055E-002
   3390000000000.0000        5.7107934498323463E-003
   3400000000000.0000        4.6195774101532349E-003
   3410000000000.0000        1.3054569566896627E-002
   3420000000000.0000        8.8367841776809779E-003
   3430000000000.0000        1.5804685697160545E-003
   3440000000000.0000        3.3292229687722645E-004
   3450000000000.0000        7.5490816653385495E-004
   3460000000000.0000        6.1728200005699502E-003
   3470000000000.0000        9.7713777553620606E-003
   3480000000000.0000        1.6727981983555421E-003
   3490000000000.0000        2.1932933210307069E-002
   3500000000000.0000        9.0168586312827093E-003
   3510000000000.0000        4.3008259321563134E-003
   3520000000000.0000        2.9919664755535969E-003
   3530000000000.0000        7.6184893521905111E-003
   3540000000000.0000        7.2439649170681422E-003
   3550000000000.0000        5.0387249337623709E-003
   3560000000000.0000        4.2506540555815154E-004
   3570000000000.0000        7.1954219976699445E-003
   3580000000000.0000        1.8285756844435713E-002
   3590000000000.0000        9.4902928566787184E-003
   3600000000000.0000        8.7304826140281854E-003
   3610000000000.0000        2.9316826916876709E-004
   3620000000000.0000        3.0757513042628435E-003
   3630000000000.0000        2.9612947565142455E-003
   3640000000000.0000        4.2275341301276463E-003
   3650000000000.0000        2.4734767664398357E-003
   3660000000000.0000        2.6322268528460386E-002
   3670000000000.0000        1.6455747075914878E-002
   3680000000000.0000        1.6951165253280707E-003
   3690000000000.0000        1.9194584416749677E-002
   3700000000000.0000        3.9800748344884611E-003
   3710000000000.0000        7.3314500968408810E-004
   3720000000000.0000        7.6578558824724899E-003
   3730000000000.0000        5.2798050741596518E-003
   3740000000000.0000        1.0711963840578861E-002
   3750000000000.0000        2.8992041996550453E-004
   3760000000000.0000        3.2695071835645337E-002
   3770000000000.0000        5.4889710714396255E-004
   3780000000000.0000        8.8629612509300622E-003
   3790000000000.0000        2.3034051842026788E-003
   3800000000000.0000        4.2394880866606496E-003
   3810000000000.0000        4.4684818542154161E-003
   3820000000000.0000        2.9516125083474524E-003
   3830000000000.0000        3.3534872328722402E-003
   3840000000000.0000        4.2659479977349667E-003
   3850000000000.0000        1.8768036325765701E-003
   3860000000000.0000        1.5119847076196376E-002
   3870000000000.0000        2.7773834085573039E-003
   3880000000000.0000        9.8395655231885669E-004
   3890000000000.0000        2.2543784103099141E-003
   3900000000000.0000        3.7523403327404956E-003
   3910000000000.0000        1.7913909117432290E-003
   3920000000000.0000        2.0825779873557378E-002
   3930000000000.0000        3.1006406373929383E-003
   3940000000000.0000        8.5239860599210029E-003
   3950000000000.0000        4.1829221502389172E-003
   3960000000000.0000        1.1065304924966468E-002
   3970000000000.0000        2.6976897731591262E-003
   3980000000000.0000        1.8522823390406198E-002
   3990000000000.0000        3.7758122238556917E-003
   4000000000000.0000        1.2996690712633289E-002
   4010000000000.0000        2.0627823140913618E-002
   4020000000000.0000        3.8246017061043235E-004
   4030000000000.0000        2.7728491262490239E-004
   4040000000000.0000        1.2603538214120767E-002
   4050000000000.0000        4.5441077156567295E-003
   4060000000000.0000        5.1010086185484223E-003
   4070000000000.0000        2.8460878349497315E-003
   4080000000000.0000        4.4188488380758201E-003
   4090000000000.0000        1.2512973252515327E-002
   4100000000000.0000        6.4539539417203719E-003
   4110000000000.0000        5.1750280328794560E-003
   4120000000000.0000        4.1318634943580098E-003
   4130000000000.0000        8.1431082079686887E-003
   4140000000000.0000        5.8814737247436790E-003
   4150000000000.0000        2.2171497786853102E-002
   4160000000000.0000        2.4618836676438681E-004
   4170000000000.0000        4.0992552578693886E-003
   4180000000000.0000        3.0231271556925782E-004
   4190000000000.0000        4.2616977282310922E-004
   4200000000000.0000        8.3345025782406955E-003
   4210000000000.0000        3.6049269712866813E-003
   4220000000000.0000        8.4332709250359815E-003
   4230000000000.0000        1.1565636899315268E-003
   4240000000000.0000        6.2587942762890722E-003
   4250000000000.0000        7.6111411015179695E-003
   4260000000000.0000        9.1956311181339949E-003
   4270000000000.0000        2.6333856351737395E-002
   4280000000000.0000        3.2069336300393262E-003
   4290000000000.0000        1.3091252123746855E-003
   4300000000000.0000        3.2035386728820507E-004
   4310000000000.0000        9.2257933584796487E-005
   4320000000000.0000        4.0803703123928944E-003
   4330000000000.0000        7.8836435721480122E-003
   4340000000000.0000        1.7222065140311014E-002
   4350000000000.0000        3.4774764794286927E-003
   4360000000000.0000        7.4270384196882956E-004
   4370000000000.0000        2.9235547362643217E-003
   4380000000000.0000        1.6039136852242782E-002
   4390000000000.0000        7.7298993993807769E-003
   4400000000000.0000        6.7825511677093581E-004
   4410000000000.0000        2.9148392626633206E-003
   4420000000000.0000        9.1865492066105486E-003
   4430000000000.0000        5.0718400365153456E-003
   4440000000000.0000        1.3095134795717174E-003
   4450000000000.0000        1.3337364501306368E-003
   4460000000000.0000        6.9339181532837779E-003
   4470000000000.0000        1.7372589142544946E-003
   4480000000000.0000        6.4436678749769732E-004
   4490000000000.0000        3.3731223697115115E-003
   4500000000000.0000        1.7234057581236722E-003
   4510000000000.0000        6.4961132200184223E-003
   4520000000000.0000        2.7807810171896776E-003
   4530000000000.0000        5.7685966997890236E-003
   4540000000000.0000        8.4289356232433450E-004
   4550000000000.0000        1.0793618590971465E-003
   4560000000000.0000        3.4742004248562345E-004
   4570000000000.0000        2.2133148226444698E-002
   4580000000000.0000        9.3252843167736861E-004
   4590000000000.0000        3.5005528393168969E-003
   4600000000000.0000        2.9901269252466025E-003
   4610000000000.0000        2.8652716420816344E-003
   4620000000000.0000        7.8421721893109694E-003
   4630000000000.0000        7.2036488283993326E-003
   4640000000000.0000        2.2356255904983067E-003
   4650000000000.0000        5.9245519949926760E-003
   4660000000000.0000        1.4866187493893276E-002
   4670000000000.0000        1.2479541695865617E-003
   4680000000000.0000        8.3158771679870162E-004
   4690000000000.0000        4.5944117408151285E-003
   4700000000000.0000        2.1308387001888494E-002
   4710000000000.0000        2.5492623319253626E-002
   4720000000000.0000        1.6185454247024313E-003
   4730000000000.0000        4.2584069894095250E-003
   4740000000000.0000        8.3283950728579095E-003
   4750000000000.0000        8.9402943373353551E-005
   4760000000000.0000        2.7581669708105546E-003
   4770000000000.0000        1.5380662903683345E-003
   4780000000000.0000        5.8692414311859991E-003
   4790000000000.0000        4.3558848422024917E-003
   4800000000000.0000        3.7404415912940859E-003
   4810000000000.0000        8.7784865463725454E-004
   4820000000000.0000        4.3940428563018340E-003
   4830000000000.0000        1.9817462930027615E-002
   4840000000000.0000        4.8975780820889481E-003
   4850000000000.0000        3.4778308873776604E-003
   4860000000000.0000        8.1707876377793698E-003
   4870000000000.0000        1.1807027082547436E-004
   4880000000000.0000        4.6226283022322914E-003
   4890000000000.0000        2.5071321536208105E-003
   4900000000000.0000        2.8828921755590523E-003
   4910000000000.0000        1.2031259162727545E-003
   4920000000000.0000        3.5770628425106227E-003
   4930000000000.0000        1.2479319453475595E-005
   4940000000000.0000        2.3501206202718007E-003
   4950000000000.0000        6.4048587693936768E-004
   4960000000000.0000        2.2684707608108336E-002
   4970000000000.0000        2.2825122561374281E-004
   4980000000000.0000        2.6001304853893272E-003
   4990000000000.0000        9.3229628366374873E-003
   5000000000000.0000        4.7746895357275775E-005
