   10000000000.000000        8.5552809386581705E-002
   20000000000.000000        1.1544270492873114E-002
   30000000000.000000        3.6312563051993596E-002
   40000000000.000000        5.2908899296565783E-003
   50000000000.000000        2.1435493161250371E-002
   60000000000.000000        1.5689303133655262E-002
   70000000000.000000        3.0440102323945156E-002
   80000000000.000000        2.6349042657524843E-002
   90000000000.000000        1.4166350629071713E-002
   100000000000.00000        1.3622573092028011E-002
   110000000000.00000        1.1473099331870424E-002
   120000000000.00000        2.9883488756840097E-003
   130000000000.00000        1.0916317355418162E-002
   140000000000.00000        9.8133660112004972E-002
   150000000000.00000       0.11988657620365266     
   160000000000.00000        1.8258637886533195E-002
   170000000000.00000        6.4683309119553320E-002
   180000000000.00000        1.9946438955416146E-002
   190000000000.00000        3.8433490943724703E-002
   200000000000.00000       0.10447097123716353     
   210000000000.00000        3.0510866054931592E-002
   220000000000.00000        4.3760101134542352E-002
   230000000000.00000        1.4454291719721032E-002
   240000000000.00000        4.1539783839465112E-002
   250000000000.00000        5.2634541459196896E-002
   260000000000.00000       0.39633736731231456     
   270000000000.00000        3.6754080589075401E-002
   280000000000.00000        3.4771233877155555E-002
   290000000000.00000        3.8108856015816962E-002
   300000000000.00000        7.6409134064180555E-003
   310000000000.00000       0.19088836910528981     
   320000000000.00000        1.1186040037208217E-002
   330000000000.00000       0.30432222899912248     
   340000000000.00000        1.8377007152368844E-002
   350000000000.00000       0.22023266014198067     
   360000000000.00000        1.1388094025156699E-002
   370000000000.00000        3.4201029408227931E-002
   380000000000.00000        1.2811902440714489E-002
   390000000000.00000        1.1726846961370906E-002
   400000000000.00000        2.0724121907029925E-002
   410000000000.00000        5.8573771332773854E-002
   420000000000.00000        9.6415425203020023E-003
   430000000000.00000       0.21341140344456491     
   440000000000.00000        1.3792006088682383E-002
   450000000000.00000        8.3218340178024708E-002
   460000000000.00000        3.2750619227490431E-002
   470000000000.00000        4.7747651447874011E-002
   480000000000.00000       0.10041552099012108     
   490000000000.00000        3.0867840598360861E-002
   500000000000.00000        5.8879253281922062E-002
   510000000000.00000        3.0035782481934478E-003
   520000000000.00000        1.6831525710505234E-002
   530000000000.00000        2.4402697297999099E-002
   540000000000.00000       0.14127077135351723     
   550000000000.00000        6.3799618750665449E-002
   560000000000.00000       0.10363909867669059     
   570000000000.00000        6.6112555720875266E-002
   580000000000.00000        8.2629554667042679E-002
   590000000000.00000       0.10234006841029787     
   600000000000.00000        1.5646887213422683E-003
   610000000000.00000        4.3216779192671265E-002
   620000000000.00000        7.7327103076652220E-002
   630000000000.00000        3.4033499894951212E-002
   640000000000.00000        1.8090674232187395E-002
   650000000000.00000        4.5510648798561190E-002
   660000000000.00000        4.3975165091151090E-002
   670000000000.00000        9.6838285663137826E-003
   680000000000.00000        1.3897062697353933E-002
   690000000000.00000        3.0421012335469413E-002
   700000000000.00000        7.2067336590479716E-002
   710000000000.00000        7.1181625465682408E-002
   720000000000.00000        9.5885766131110078E-002
   730000000000.00000        9.0524398125404568E-002
   740000000000.00000        7.6456768974048411E-003
   750000000000.00000        3.8515781922425406E-002
   760000000000.00000       0.10941626016176578     
   770000000000.00000        1.9183123464577283E-002
   780000000000.00000        7.0638201564739558E-002
   790000000000.00000        1.7788614258041017E-002
   800000000000.00000        1.5933336829404978E-002
   810000000000.00000       0.15584366973258260     
   820000000000.00000        2.0906793722742453E-002
   830000000000.00000        9.7128424357063592E-003
   840000000000.00000        1.6967314354085411E-002
   850000000000.00000        3.9224668709471962E-004
   860000000000.00000       0.13086796362029773     
   870000000000.00000        5.7688851101204933E-002
   880000000000.00000        6.9508333422433802E-002
   890000000000.00000        5.0205816386876351E-002
   900000000000.00000        2.9650698169655564E-002
   910000000000.00000        2.3438946174982586E-002
   920000000000.00000       0.23499704266629709     
   930000000000.00000       0.10331192257918244     
   940000000000.00000        5.0385581660803994E-002
   950000000000.00000        5.9287325307194076E-003
   960000000000.00000        3.6426475989762744E-002
   970000000000.00000        6.1149541931111648E-003
   980000000000.00000        8.1542943908031018E-002
   990000000000.00000        8.8596713713948907E-002
   1000000000000.0000        6.5495808368557203E-003
   1010000000000.0000        4.7561930186679376E-003
   1020000000000.0000        2.4444612295320703E-002
   1030000000000.0000        6.4395868233335721E-002
   1040000000000.0000        8.1702305316293439E-002
   1050000000000.0000        2.7312364471056526E-002
   1060000000000.0000        1.4371095410201446E-002
   1070000000000.0000        2.0860587445560321E-002
   1080000000000.0000        8.0713971343502854E-003
   1090000000000.0000       0.10429285627877898     
   1100000000000.0000        2.5364795187951955E-002
   1110000000000.0000       0.10952853152708648     
   1120000000000.0000        6.0319810140848024E-004
   1130000000000.0000        3.6003671053476591E-003
   1140000000000.0000        2.4549159347264513E-002
   1150000000000.0000        1.4251819161623554E-002
   1160000000000.0000        4.9788831703758890E-002
   1170000000000.0000        9.2602527393137582E-002
   1180000000000.0000        1.4860108610661277E-002
   1190000000000.0000        1.5866421728570099E-002
   1200000000000.0000        1.3792984351696116E-002
   1210000000000.0000        6.1387229524967465E-003
   1220000000000.0000        6.1681853884225500E-002
   1230000000000.0000        5.5623126047125533E-003
   1240000000000.0000        2.2721681039390096E-002
   1250000000000.0000        4.4288403522408579E-003
   1260000000000.0000        4.4288309159489694E-003
   1270000000000.0000       0.10913370388356260     
   1280000000000.0000        1.5762938768606322E-002
   1290000000000.0000        2.5246189979736391E-002
   1300000000000.0000        2.9840667869437305E-002
   1310000000000.0000        6.9310647061041003E-003
   1320000000000.0000        6.6498328790853600E-002
   1330000000000.0000        3.2071870123037152E-002
   1340000000000.0000        2.9457749376946046E-002
   1350000000000.0000        1.9674870621664377E-002
   1360000000000.0000        1.7531081118749473E-002
   1370000000000.0000        2.0752681735264702E-002
   1380000000000.0000        1.8494573840492624E-002
   1390000000000.0000        4.1715381219610541E-002
   1400000000000.0000        5.1120333560120801E-002
   1410000000000.0000        2.6388316189729168E-002
   1420000000000.0000        2.2142173796268212E-002
   1430000000000.0000        3.0251344543541117E-003
   1440000000000.0000        4.0615314756808308E-003
   1450000000000.0000        2.5322927821481139E-002
   1460000000000.0000        7.1435022411653953E-003
   1470000000000.0000       0.16406653323211906     
   1480000000000.0000        4.3779653399009320E-002
   1490000000000.0000        9.9648681370831535E-002
   1500000000000.0000        2.4966486825954159E-002
   1510000000000.0000        9.4470585815182029E-003
   1520000000000.0000        1.8355684981917798E-002
   1530000000000.0000        5.2142113276020183E-002
   1540000000000.0000        3.5003671393479499E-002
   1550000000000.0000        3.9489816133672412E-004
   1560000000000.0000        1.4105867663432916E-002
   1570000000000.0000        4.8918754505898582E-002
   1580000000000.0000        3.3243861554935430E-002
   1590000000000.0000        4.1830220276843799E-002
   1600000000000.0000        1.2168171822175866E-002
   1610000000000.0000        2.6842745833414540E-002
   1620000000000.0000        5.5645177986442175E-002
   1630000000000.0000        3.7087804454170800E-003
   1640000000000.0000        2.4599103093248401E-003
   1650000000000.0000        1.9358489022436056E-002
   1660000000000.0000        4.4078016231474774E-002
   1670000000000.0000        2.0471697634102858E-002
   1680000000000.0000        2.1337886695775025E-002
   1690000000000.0000        1.0922788016108534E-002
   1700000000000.0000        8.5624097725170104E-003
   1710000000000.0000        1.5975632212590043E-002
   1720000000000.0000        1.3728120917697480E-002
   1730000000000.0000        9.6440874655029461E-003
   1740000000000.0000        3.3876474703068073E-002
   1750000000000.0000        7.3387717705657787E-002
   1760000000000.0000        7.5748536012696819E-004
   1770000000000.0000        1.3268604516263063E-002
   1780000000000.0000        2.6628334889908647E-002
   1790000000000.0000        6.0852774935044587E-003
   1800000000000.0000        1.4613549750128694E-002
   1810000000000.0000        6.5740060627374674E-003
   1820000000000.0000        1.1548829679677752E-002
   1830000000000.0000        1.0606378440668902E-002
   1840000000000.0000        4.3737684600208921E-003
   1850000000000.0000        3.7953720828236927E-002
   1860000000000.0000        6.6110221733606308E-003
   1870000000000.0000        9.4899218656432568E-003
   1880000000000.0000        2.0755385035725439E-003
   1890000000000.0000        8.0751053549312952E-003
   1900000000000.0000        4.2297474982846188E-002
   1910000000000.0000        9.1904078346082864E-003
   1920000000000.0000        6.2465786793151547E-002
   1930000000000.0000        1.5907245542285939E-002
   1940000000000.0000        4.1390357054099294E-003
   1950000000000.0000        1.3797901313347013E-002
   1960000000000.0000        1.5613258244725797E-002
   1970000000000.0000        1.3098652827598608E-002
   1980000000000.0000        2.2255473245294283E-002
   1990000000000.0000        2.4511312797538144E-003
   2000000000000.0000        1.8230257174163451E-002
   2010000000000.0000        1.6173363409072966E-002
   2020000000000.0000        1.4172094289846743E-002
   2030000000000.0000        3.4605350642554103E-003
   2040000000000.0000        3.4793995102483733E-003
   2050000000000.0000        4.7773067031010056E-003
   2060000000000.0000        1.0034675918924535E-002
   2070000000000.0000        1.9214126309188246E-004
   2080000000000.0000        4.6575016491445069E-002
   2090000000000.0000        3.4973479830673780E-003
   2100000000000.0000        1.3160302759949458E-003
   2110000000000.0000        1.4028782721070193E-002
   2120000000000.0000        8.4649319133383843E-003
   2130000000000.0000        5.9899626282662452E-003
   2140000000000.0000        1.2296827724404850E-002
   2150000000000.0000        4.0857626120991282E-004
   2160000000000.0000        4.9796229029645542E-003
   2170000000000.0000        2.9968291429808860E-002
   2180000000000.0000        5.9694200217456916E-003
   2190000000000.0000        1.4148869830030280E-002
   2200000000000.0000        1.1818202611108998E-002
   2210000000000.0000        1.1149099564624374E-002
   2220000000000.0000        3.1176891608463521E-002
   2230000000000.0000        4.3831605771311920E-002
   2240000000000.0000        9.0847014880474919E-003
   2250000000000.0000        3.1878670506375116E-003
   2260000000000.0000        1.2739062036603568E-003
   2270000000000.0000        1.7288094653655731E-002
   2280000000000.0000        1.4744455072333986E-002
   2290000000000.0000        1.2209322092270245E-002
   2300000000000.0000        8.6583680736389834E-003
   2310000000000.0000        1.5314640283884259E-003
   2320000000000.0000        1.4595881448921232E-002
   2330000000000.0000        5.1901448750224771E-003
   2340000000000.0000        3.6663309271937027E-002
   2350000000000.0000        5.4335405145655271E-003
   2360000000000.0000        2.0835173965722618E-002
   2370000000000.0000        8.9887852208294233E-003
   2380000000000.0000        3.8387949493619172E-003
   2390000000000.0000        3.3665129974580335E-002
   2400000000000.0000        1.9877589258639563E-003
   2410000000000.0000        5.1914891191965490E-003
   2420000000000.0000        7.1801542905739452E-002
   2430000000000.0000        4.7154705606840342E-003
   2440000000000.0000        2.3618038631222507E-003
   2450000000000.0000        2.6979033703558647E-003
   2460000000000.0000        2.0929973216134745E-004
   2470000000000.0000        1.7545224513363201E-002
   2480000000000.0000        2.3713923845990807E-002
   2490000000000.0000        2.0316654380197967E-002
   2500000000000.0000        1.7563461334155931E-002
   2510000000000.0000        1.2919212862468216E-002
   2520000000000.0000        2.4027205899469634E-002
   2530000000000.0000        2.4445615715137897E-002
   2540000000000.0000        4.5475008887921105E-003
   2550000000000.0000        1.4453124539488613E-002
   2560000000000.0000        2.2373792912284828E-002
   2570000000000.0000        6.3783208934600150E-003
   2580000000000.0000        4.2326185066404931E-003
   2590000000000.0000        1.2192636289754461E-003
   2600000000000.0000        3.0240844709242252E-003
   2610000000000.0000        4.2023521393634415E-004
   2620000000000.0000        1.3250913645417505E-002
   2630000000000.0000        8.6023881509847792E-003
   2640000000000.0000        1.0718399437267810E-002
   2650000000000.0000        1.3298182280471223E-002
   2660000000000.0000        4.8060133500484560E-003
   2670000000000.0000        1.3506314866994544E-002
   2680000000000.0000        2.2602889882271334E-003
   2690000000000.0000        3.2675812269768773E-003
   2700000000000.0000        4.7471966413680731E-004
   2710000000000.0000        1.6172272950615983E-002
   2720000000000.0000        9.3361582291684128E-004
   2730000000000.0000        1.0785255723819328E-002
   2740000000000.0000        6.2164766608752281E-003
   2750000000000.0000        1.6828045015826416E-002
   2760000000000.0000        2.7659180715148637E-002
   2770000000000.0000        1.9161517934629731E-002
   2780000000000.0000        1.2313935557542656E-002
   2790000000000.0000        6.5897870448545434E-003
   2800000000000.0000        1.1390899501466635E-002
   2810000000000.0000        4.6141844565576210E-003
   2820000000000.0000        7.6129794036140152E-003
   2830000000000.0000        1.2910671394415864E-003
   2840000000000.0000        3.2740447055006373E-002
   2850000000000.0000        2.3552298115964701E-003
   2860000000000.0000        2.5353539573464454E-002
   2870000000000.0000        4.6865362996122411E-003
   2880000000000.0000        1.2749435362909216E-003
   2890000000000.0000        8.5460719864497540E-003
   2900000000000.0000        1.2288117757557178E-002
   2910000000000.0000        2.3500604153241123E-002
   2920000000000.0000        2.8710405313927960E-005
   2930000000000.0000        4.4520672868643965E-003
   2940000000000.0000        1.0978688807546270E-002
   2950000000000.0000        2.6702998434813691E-002
   2960000000000.0000        4.1442919340792576E-002
   2970000000000.0000        6.2546040579218769E-003
   2980000000000.0000        2.6671191271473934E-002
   2990000000000.0000        1.3922034899904500E-003
   3000000000000.0000        8.9820971963749680E-004
   3010000000000.0000        3.6196073510723794E-003
   3020000000000.0000        2.3585157782560146E-003
   3030000000000.0000        1.6349203455231592E-002
   3040000000000.0000        3.2839234214519135E-003
   3050000000000.0000        8.1473060926335779E-003
   3060000000000.0000        2.5168660579279682E-002
   3070000000000.0000        2.0017982112199954E-002
   3080000000000.0000        1.3097043022271666E-002
   3090000000000.0000        8.4543086726513762E-003
   3100000000000.0000        8.2581770978402014E-003
   3110000000000.0000        4.0619658189370725E-003
   3120000000000.0000        2.8418160540927737E-003
   3130000000000.0000        4.9700418779592553E-003
   3140000000000.0000        7.9371735386589842E-003
   3150000000000.0000        4.4434740186267974E-003
   3160000000000.0000        3.3323181587190101E-003
   3170000000000.0000        1.5055573557261047E-002
   3180000000000.0000        1.9052771862936847E-002
   3190000000000.0000        4.5231457692326948E-002
   3200000000000.0000        1.1230859943025279E-003
   3210000000000.0000        3.3181684442320897E-003
   3220000000000.0000        7.8307501453233185E-003
   3230000000000.0000        8.9103871547346770E-003
   3240000000000.0000        1.7211867956490445E-002
   3250000000000.0000        1.2154394289504537E-002
   3260000000000.0000        1.7029494096117335E-002
   3270000000000.0000        1.5690983402246048E-002
   3280000000000.0000        2.6225380610603332E-003
   3290000000000.0000        1.5693290602471266E-002
   3300000000000.0000        1.2978969469880393E-002
   3310000000000.0000        1.9999965106271035E-002
   3320000000000.0000        1.0150629499894613E-002
   3330000000000.0000        9.2289366177141386E-003
   3340000000000.0000        5.0323876223194557E-003
   3350000000000.0000        2.8484749005831360E-003
   3360000000000.0000        9.0328388692902644E-003
   3370000000000.0000        2.4380143218293508E-002
   3380000000000.0000        5.5826149462858670E-003
   3390000000000.0000        6.1196221106877852E-003
   3400000000000.0000        7.5148516594833233E-003
   3410000000000.0000        9.9356863276269056E-003
   3420000000000.0000        2.6807388311783373E-003
   3430000000000.0000        5.4257075716036074E-003
   3440000000000.0000        6.2693442924849204E-003
   3450000000000.0000        3.6400954345594465E-003
   3460000000000.0000        1.0562276381360930E-002
   3470000000000.0000        1.2258970079449714E-003
   3480000000000.0000        8.5010906988813146E-004
   3490000000000.0000        6.9810010097578574E-003
   3500000000000.0000        1.1268025902296410E-002
   3510000000000.0000        5.7053869518256554E-003
   3520000000000.0000        6.7568799577411246E-003
   3530000000000.0000        1.0875488183731210E-004
   3540000000000.0000        8.2084400846380110E-003
   3550000000000.0000        1.1650947851874007E-002
   3560000000000.0000        1.1800694453804132E-002
   3570000000000.0000        2.4348842532604650E-002
   3580000000000.0000        4.3669377998774566E-004
   3590000000000.0000        4.0478784464579830E-003
   3600000000000.0000        1.1628215344995888E-003
   3610000000000.0000        1.6115989138434740E-002
   3620000000000.0000        9.5105431294192010E-004
   3630000000000.0000        4.5721245879779202E-003
   3640000000000.0000        3.4329129851230948E-003
   3650000000000.0000        1.5556962608843494E-003
   3660000000000.0000        1.0591672170412215E-002
   3670000000000.0000        2.4886452778456591E-003
   3680000000000.0000        4.6947001999803634E-003
   3690000000000.0000        8.6960830569818830E-003
   3700000000000.0000        1.6977558512757676E-003
   3710000000000.0000        5.6605863662295810E-003
   3720000000000.0000        2.0134891690095748E-003
   3730000000000.0000        7.1896279411775583E-003
   3740000000000.0000        9.8931463158191107E-003
   3750000000000.0000        4.1619489548726219E-004
   3760000000000.0000        4.6127254054138481E-003
   3770000000000.0000        1.3944554586857175E-002
   3780000000000.0000        2.7683337211993017E-003
   3790000000000.0000        8.8522958633097636E-003
   3800000000000.0000        6.3474352321683163E-004
   3810000000000.0000        7.7515760372457430E-004
   3820000000000.0000        1.6238902548927736E-003
   3830000000000.0000        1.1204617744734902E-002
   3840000000000.0000        4.2724335706692115E-003
   3850000000000.0000        4.9817257370463348E-003
   3860000000000.0000        1.7265129005576395E-003
   3870000000000.0000        1.4990779932452247E-003
   3880000000000.0000        6.7286627994218027E-004
   3890000000000.0000        8.4017632604100516E-004
   3900000000000.0000        2.1776538910806440E-003
   3910000000000.0000        1.1146369428013564E-002
   3920000000000.0000        4.8915823943030724E-004
   3930000000000.0000        6.3787335143645763E-003
   3940000000000.0000        1.5203390986412721E-003
   3950000000000.0000        1.1791777734033058E-003
   3960000000000.0000        8.0286114429286518E-003
   3970000000000.0000        1.0729455893404731E-002
   3980000000000.0000        1.4423253532726119E-002
   3990000000000.0000        9.7461482398992598E-003
   4000000000000.0000        7.2946538379092931E-003
   4010000000000.0000        1.9174102169882846E-002
   4020000000000.0000        6.3025364339888848E-003
   4030000000000.0000        6.8206013054870267E-004
   4040000000000.0000        1.2525330715251732E-002
   4050000000000.0000        1.4716275730677750E-002
   4060000000000.0000        2.4594085342317822E-003
   4070000000000.0000        1.4196701119389480E-003
   4080000000000.0000        1.1644992115652737E-002
   4090000000000.0000        8.0891153520035418E-003
   4100000000000.0000        4.5222214487762001E-003
   4110000000000.0000        1.1598478179285239E-004
   4120000000000.0000        6.5156340769181543E-003
   4130000000000.0000        3.0640794881292973E-003
   4140000000000.0000        2.7474149625053736E-004
   4150000000000.0000        1.2051025914335280E-003
   4160000000000.0000        1.7669349985149799E-002
   4170000000000.0000        2.8168591956648933E-003
   4180000000000.0000        1.1869662063490627E-002
   4190000000000.0000        3.0674134109707780E-003
   4200000000000.0000        3.5422479916580561E-002
   4210000000000.0000        9.2716762782122145E-004
   4220000000000.0000        3.8669735150645688E-003
   4230000000000.0000        2.9609779737763586E-003
   4240000000000.0000        5.8582483353626456E-003
   4250000000000.0000        3.4505202158288456E-003
   4260000000000.0000        7.5360227224797321E-003
   4270000000000.0000        1.1410567640086413E-002
   4280000000000.0000        2.2070401013042024E-003
   4290000000000.0000        7.9194167118351918E-003
   4300000000000.0000        4.3956473701030046E-003
   4310000000000.0000        2.0618315281165783E-003
   4320000000000.0000        2.2996427263560566E-003
   4330000000000.0000        5.6188568994498134E-003
   4340000000000.0000        8.1194369343828791E-003
   4350000000000.0000        2.1092697832715966E-002
   4360000000000.0000        3.5648498008017319E-003
   4370000000000.0000        2.8742136959219854E-003
   4380000000000.0000        6.8050599010672662E-004
   4390000000000.0000        4.7350336232714558E-003
   4400000000000.0000        6.2368621084291148E-003
   4410000000000.0000        3.9729493622150660E-003
   4420000000000.0000        6.6906282524636616E-003
   4430000000000.0000        5.6702579273879916E-003
   4440000000000.0000        2.4890659509224943E-003
   4450000000000.0000        6.9537451817650101E-003
   4460000000000.0000        1.3174853643313515E-003
   4470000000000.0000        4.0553016705170905E-003
   4480000000000.0000        3.6696127890567766E-003
   4490000000000.0000        1.3121735811601400E-003
   4500000000000.0000        4.1855741453731173E-003
   4510000000000.0000        1.5306092362811002E-002
   4520000000000.0000        1.0189102091874532E-003
   4530000000000.0000        1.0182105206015843E-003
   4540000000000.0000        5.9236506546429648E-003
   4550000000000.0000        2.8162601472009633E-003
   4560000000000.0000        5.0008740957027563E-003
   4570000000000.0000        9.7899868911733422E-003
   4580000000000.0000        2.8898533283267928E-003
   4590000000000.0000        1.0916086788748387E-003
   4600000000000.0000        2.9035480027854886E-003
   4610000000000.0000        1.1507713920597516E-002
   4620000000000.0000        5.3420335425211508E-003
   4630000000000.0000        7.3465113175808254E-003
   4640000000000.0000        3.3325529473003188E-003
   4650000000000.0000        2.9890217854631486E-003
   4660000000000.0000        4.8207334754633308E-003
   4670000000000.0000        6.5637465634742003E-004
   4680000000000.0000        4.7717340139711798E-003
   4690000000000.0000        3.2168248455365913E-003
   4700000000000.0000        1.1136196793057721E-002
   4710000000000.0000        2.9960488963854419E-003
   4720000000000.0000        1.6796877343675776E-003
   4730000000000.0000        1.4056874362063394E-002
   4740000000000.0000        1.0787257255455681E-002
   4750000000000.0000        2.5190677482575439E-003
   4760000000000.0000        8.9475932886083406E-003
   4770000000000.0000        7.1161978925927385E-004
   4780000000000.0000        7.7495996213850487E-003
   4790000000000.0000        1.4709144910849817E-003
   4800000000000.0000        6.3357734908233310E-003
   4810000000000.0000        8.9608785011806823E-004
   4820000000000.0000        2.4465787918417771E-003
   4830000000000.0000        1.0543357923148307E-003
   4840000000000.0000        9.2072295399231764E-003
   4850000000000.0000        3.3170811137656852E-003
   4860000000000.0000        3.1520506206807967E-003
   4870000000000.0000        4.2756031506862406E-003
   4880000000000.0000        3.7542672560134673E-003
   4890000000000.0000        5.2718113969162156E-003
   4900000000000.0000        1.8503102623504300E-003
   4910000000000.0000        6.4387077929436839E-003
   4920000000000.0000        6.5954384619931125E-003
   4930000000000.0000        7.6307449445922456E-003
   4940000000000.0000        8.0828456801175178E-003
   4950000000000.0000        3.0863183794421663E-003
   4960000000000.0000        2.8734359940868286E-003
   4970000000000.0000        8.7870033702653495E-003
   4980000000000.0000        3.0291733925073305E-003
   4990000000000.0000        2.7792575559883246E-003
   5000000000000.0000        6.8549810621877242E-003
