   0.0000000000000000        1.0000000000000000        0.0000000000000000     
  0.30303030303030304       0.95443766209272507      -0.29839255734572540     
  0.60606060606060608       0.82191313254170484      -0.56959418963784714     
  0.90909090909090917       0.61450218177110960      -0.78889490823470254     
   1.2121212121212122       0.35110365657532239      -0.93631388936559357     
   1.5151515151515151        5.5717457207835719E-002 -0.99841995752998935     
   1.8181818181818183      -0.24474224483718593      -0.96955528459668805     
   2.1212121212121211      -0.52289929683659730      -0.85235081477260810     
   2.4242424242424243      -0.75340992175836297      -0.65748646051704362     
   2.7272727272727275      -0.91527187069438487      -0.40271792695038716     
   3.0303030303030303      -0.99373797655647877      -0.11125884251825280     
   3.3333333333333335      -0.98165976162366764       0.19033438661599034     
   3.6363636363636367      -0.88013868348141977       0.47458227369190004     
   3.9393939393939394      -0.69842568906150027       0.71558602835606777     
   4.2424242424242422      -0.45307823681132109       0.89138728340539530     
   4.5454545454545459      -0.16645160200649656       0.98596876855245319     
   4.8484848484848486       0.13533806444071278       0.99071364555065800     
   5.1515151515151514       0.42479332411011589       0.90519054450804592     
   5.4545454545454550       0.67554086859718177       0.73719278072409111     
   5.7575757575757578       0.86473448636905115       0.50202818677367078     
   6.0606060606060606       0.97513663601206380       0.22112427407620883     
   6.3636363636363642       0.99668896872913582       -7.9924179399899764E-002
   6.6666666666666670       0.92742870886255102      -0.37368721718848041     
   6.9696969696969697       0.77366740426016967      -0.63339897812065038     
   7.2727272727272734       0.54941576765783351      -0.83539643514161588     
   7.5757575757575761       0.27510702212081334      -0.96127539643464655     
   7.8787878787878789       -2.4264920837379467E-002 -0.99956732987473806     
   8.1818181818181817      -0.32142280611545487      -0.94678423364745556     
   8.4848484848484844      -0.58929140034479510      -0.80773635736270011     
   8.7878787878787890      -0.80346442377101113      -0.59509383253782233     
   9.0909090909090917      -0.94442827675031205      -0.32823216210785716     
   9.3939393939393945      -0.99933995073030923       -3.1466768696721437E-002
   9.6969696969696972      -0.96319713579371657       0.26816253440765681     
   10.000000000000000      -0.83929391799515218       0.54335527897846903     
   10.303030303030303      -0.63892055365825096       0.76903780070923733     
   10.606060606060606      -0.38033468344740895       0.92464777851668778     
   10.909090909090910       -8.7097730806683316E-002  0.99600770282784867     
   11.212121212121213       0.21407193101813071       0.97661657794777346     
   11.515151515151516       0.49573343160068684       0.86824217246503277     
   11.818181818181818       0.73222365971541292       0.68075986280073342     
   12.121212121212121       0.90199551430719382       0.43125276152656800     
   12.424242424242424       0.98958110426780210       0.14245512925395265     
   12.727272727272728       0.98700102593360106      -0.15931909588521687     
   13.030303030303031       0.89449131921998870      -0.44657390563459487     
   13.333333333333334       0.72048187373238803      -0.69313650671110394     
   13.636363636363637       0.48082826031811754      -0.87654201580071178     
   13.939393939393939       0.19736698693038474      -0.98008028652729506     
   14.242424242424242      -0.10407417752088899      -0.99431837730205752     
   14.545454545454547      -0.39602951809627335      -0.91795994742389686     
   14.848484848484850      -0.65189790362427991      -0.75796328542488278     
   15.151515151515152      -0.84836651417040509      -0.52890722350227992     
   15.454545454545455      -0.96753493140202862      -0.25166272013368474     
   15.757575757575758      -0.99854606056966910        4.8508844262082462E-002
   16.060606060606062      -0.93857528944876734       0.34425738054920524     
   16.363636363636363      -0.79308776479226628       0.60863609032967114     
   16.666666666666668      -0.57534035257630123       0.81755669345547743     
   16.969696969696969      -0.30517366848523397       0.95198417827933846     
   17.272727272727273       -7.2042491718662949E-003  0.99967110484008137     
   17.575757575757578       0.29141841074112912       0.95627344649936774     
   17.878787878787879       0.56348558586129782       0.82574630775953661     
   18.181818181818183       0.78420841768356520       0.61998347046710500     
   18.484848484848484       0.93347650203209476       0.35773361884411398     
   18.787878787878789       0.99769017959344364        6.2891998158047191E-002
   19.090909090909090       0.97099958667099973      -0.23767683244129717     
   19.393939393939394       0.85583757754128131      -0.51658677013727794     
   19.696969696969699       0.66269796920737112      -0.74842543259296901     
   20.000000000000000       0.40917932158988318      -0.91206956191437594     
   20.303030303030305       0.11838138601810938      -0.99260960452168723     
   20.606060606060606      -0.18319966503273460      -0.98270811482653875     
   20.909090909090910      -0.46808544749750125      -0.88326821908059294     
   21.212121212121211      -0.71031904288280467      -0.70335124028498841     
   21.515151515151516      -0.88783002192993177      -0.45935099767045484     
   21.818181818181820      -0.98444532938073426      -0.17350002156456595     
   22.121212121212121      -0.99136281376644009       0.12815620444585052     
   22.424242424242426      -0.90795314867258781       0.41813239341119701     
   22.727272727272727      -0.74181708632973720       0.67000776599513556     
   23.030303030303031      -0.50809283484020673       0.86083334323305183     
   23.333333333333336      -0.22807667467517106       0.97322288392382694     
   23.636363636363637        7.2717497046559443E-002  0.99693695625463030     
   23.939393939393941       0.36688288576363554       0.92981581787400358     
   24.242424242424242       0.62761696350600782       0.77797611285910828     
   24.545454545454547       0.83116354920832536       0.55525347154711691     
   24.848484848484848       0.95897729807312193       0.28194180823147785     
   25.151515151515152       0.99941338755377762       -1.7055808113885684E-002
   25.454545454545457       0.94878845088029784      -0.31449622217904538     
   25.757575757575758       0.81171609886719498      -0.58327845127182343     
   26.060606060606062       0.60068646696617944      -0.79891296396062261     
   26.363636363636363       0.33492810476907570      -0.94175299257915313     
   26.666666666666668        3.8655913441260459E-002 -0.99878457821507594     
   26.969696969696969      -0.26113522488013280      -0.96481225463413833     
   27.272727272727273      -0.53713008954342767      -0.84293234510638404     
   27.575757575757578      -0.76418192502920879      -0.64425075571947343     
   27.878787878787879      -0.92160364050944610      -0.38687098620352056     
   28.181818181818183      -0.99505264696011142       -9.4244572452850894E-002
   28.484848484848484      -0.97783760101394723       0.20696573462323342     
   28.787878787878789      -0.87152799898094735       0.48931535432246309     
   29.090909090909093      -0.68581108587091677       0.72707847121993274     
   29.393939393939394      -0.43760912501757476       0.89859199999817707     
   29.696969696969699      -0.14953746530235101       0.98822935358530550     
   30.000000000000000       0.15215609528198454       0.98782418053793020     
