   5.1092099966594792E-002   6.4589241823248933E-002
  0.10218419993318958       0.11997940981106545     
  0.15327629989978436       0.17576102774932589     
  0.20436839986637917       0.21197014816538970     
  0.25546049983297398       0.26305436669832294     
  0.30655259979956873       0.30259081169316016     
  0.35764469976616353       0.33605978245611645     
  0.40873679973275834       0.38127225173239071     
  0.45982889969935314       0.42041724677678399     
  0.51092099966594795       0.43587951981931933     
  0.56201309963254276       0.45701781714329170     
  0.61310519959913745       0.49831578691512668     
  0.66419729956573237       0.51906263428865507     
  0.71528939953232706       0.54098383151351537     
  0.76638149949892198       0.54333253121617897     
  0.81747359946551668       0.56799387809414670     
  0.86856569943211137       0.58776210059156531     
  0.91965779939870629       0.60381154855976660     
  0.97074989936530098       0.56877677799503457     
   1.0218419993318959       0.56740670316848085     
   1.0729340992984906       0.59970132408010524     
   1.1240261992650855       0.60224574875799086     
   1.1751182992316802       0.58286897621101619     
   1.2262103991982749       0.56975540287114446     
   1.2773024991648698       0.54881283052239405     
   1.3283945991314647       0.54254963131529110     
   1.3794866990980594       0.51319088503199606     
   1.4305787990646541       0.51025501040366661     
   1.4816708990312488       0.48011336421948375     
   1.5327629989978440       0.48637656342658669     
   1.5838550989644387       0.45740926709373564     
   1.6349471989310334       0.43411799504232162     
   1.6860392988976280       0.41513267244579088     
   1.7371313988642227       0.38773117591471556     
   1.7882234988308179       0.35250068037476162     
   1.8393155987974126       0.35230495539953965     
   1.8904076987640073       0.31922743458702735     
   1.9414997987306020       0.29906776213916475     
   1.9925918986971971       0.28536701387362712     
   2.0436839986637918       0.25483391773900033     
   2.0947760986303865       0.22801959613359093     
   2.1458681985969812       0.21901624727338048     
   2.1969602985635759       0.19200620069274912     
   2.2480523985301710       0.18652590138653405     
   2.2991444984967657       0.17967552725376523     
   2.3502365984633604       0.14561938156514306     
   2.4013286984299551       0.13407160802704704     
   2.4524207983965498       0.13015710852260770     
   2.5035128983631449       0.11997940981106545     
   2.5546049983297396       0.10706156144641567     
   2.6056970982963343        9.2773638255212107E-002
   2.6567891982629295        7.8485715064008560E-002
   2.7078812982295237        7.2222515856905631E-002
   2.7589733981961189        5.9696117442699773E-002
   2.8100654981627140        5.0105593656823419E-002
   2.8611575981293083        4.7169719028493921E-002
   2.9122496980959034        4.3450944499276556E-002
   2.9633417980624976        4.2276594647944761E-002
   3.0144338980290928        3.5034770564731997E-002
   3.0655259979956879        3.1707445985958572E-002
   3.1166180979622822        2.3878446977079911E-002
   3.1677101979288773        2.5052796828411709E-002
   3.2188022978954716        2.1138297323972381E-002
   3.2698943978620667        1.8985322596530747E-002
   3.3209864978286618        1.5462273042535352E-002
   3.3720785977952561        1.4287923191203552E-002
   3.4231706977618512        1.2134948463761921E-002
   3.4742627977284455        8.6118989097665258E-003
   3.5253548976950406        7.8289990088786596E-003
   3.5764469976616358        6.2631992071029274E-003
   3.6275390976282300        5.4802993062150612E-003
   3.6786311975948252        4.8931243805491621E-003
   3.7297232975614194        4.6973994053271951E-003
   3.7808153975280145        4.6973994053271951E-003
   3.8319074974946097        4.3059494548832629E-003
   3.8829995974612039        1.9572497522196649E-003
   3.9340916974277991        1.5657998017757318E-003
   3.9851837973943942        1.3700748265537653E-003
   4.0362758973609889        2.3486997026635975E-003
   4.0873679973275836        1.9572497522196648E-004
   4.1384600972941783        7.8289990088786592E-004
   4.1895521972607730        7.8289990088786592E-004
   4.2406442972273677        7.8289990088786592E-004
   4.2917363971939624        5.8717492566589939E-004
   4.3428284971605571        5.8717492566589939E-004
   4.3939205971271518        3.9144995044393296E-004
   4.4450126970937474        1.9572497522196648E-004
   4.4961047970603421        0.0000000000000000     
   4.5471968970269367        5.8717492566589939E-004
   4.5982889969935314        0.0000000000000000     
   4.6493810969601261        0.0000000000000000     
   4.7004731969267208        0.0000000000000000     
   4.7515652968933155        0.0000000000000000     
   4.8026573968599102        0.0000000000000000     
   4.8537494968265058        0.0000000000000000     
   4.9048415967930996        1.9572497522196648E-004
   4.9559336967596952        0.0000000000000000     
   5.0070257967262899        0.0000000000000000     
   5.0581178966928846        0.0000000000000000     
   5.1092099966594793        0.0000000000000000     
