          0.100000000000              6.97912873040
        9.000000000000E-02            6.87454493706
        8.000000000000E-02            6.75750766795
        7.000000000000E-02            6.62469136967
        6.000000000000E-02            6.47122540073
        5.000000000000E-02            6.28955846530
        4.000000000000E-02            6.06703974487
        3.000000000000E-02            5.77995301702
        2.000000000000E-02            5.37505407647
        1.000000000000E-02            4.68244420065
