          0.100000000000             -4.36293973910
        9.000000000000E-02           -4.78332607624
        8.000000000000E-02           -5.25352286983
        7.000000000000E-02           -5.78683035511
        6.000000000000E-02           -6.40272951267
        5.000000000000E-02           -7.13142441169
        4.000000000000E-02           -8.02351744637
        3.000000000000E-02           -9.17387279508
        2.000000000000E-02           -10.7954682791
        1.000000000000E-02           -13.5678106008
