          0.100000000000              1.68585344116
        9.000000000000E-02            1.47334115259
        8.000000000000E-02            1.23616704107
        7.000000000000E-02           0.967681218837
        6.000000000000E-02           0.658143397057
        5.000000000000E-02           0.292451755025
        4.000000000000E-02          -0.154694794991
        3.000000000000E-02          -0.730728369059
        2.000000000000E-02           -1.54213726828
        1.000000000000E-02           -2.92871904681
