          0.100000000000              5.39705503632           1.274087768556E-02       5.39723        1.453792E-02
        9.000000000000E-02            4.36379090227           8.368119624899E-03       4.36600        1.302984E-02
        8.000000000000E-02            3.44239359208           5.229064599160E-03       3.43894        7.908769E-03
        7.000000000000E-02            2.63183472973           3.067690271496E-03       2.62434        3.360694E-03
        6.000000000000E-02            1.93120352579           1.657028215411E-03       1.92766        1.550989E-03
        5.000000000000E-02            1.33970810082           7.995796453637E-04       1.34348        4.378177E-03
        4.000000000000E-02           0.856676599577           3.276654477861E-04      0.860891        1.001215E-02
        3.000000000000E-02           0.481558110293           1.037140676156E-04      0.479901        1.679212E-02
        2.000000000000E-02           0.213923400788           2.049215805111E-05      0.213199        6.080296E-02
        1.000000000000E-02         5.346548107835E-02         1.281075496971E-06      7.346296E-02    6.199506E-02
