  0.10000000000000001        1073.9822311767555        5.3970550363242111        1.2740877679258541E-002
   9.0000000000000011E-002   967.33506706785022        4.3637909022681782        8.3681196459228224E-003
   8.0000000000000002E-002   860.49488201564111        3.4423935920779516        5.2290645834001271E-003
   7.0000000000000007E-002   753.47163246735477        2.6318347297326055        3.0676902692490554E-003
   6.0000000000000005E-002   646.27518802795362        1.9312035257872890        1.6570282232910092E-003
   5.0000000000000003E-002   538.91532672566859        1.3397081008204408        7.9957967691354911E-004
   4.0000000000000008E-002   431.40173031110254       0.85667659957748765        3.2766549509610662E-004
   2.9999999999999999E-002   323.74397960263548       0.48155811029317369        1.0371402030558420E-004
   2.0000000000000004E-002   215.95154989271842       0.21392340078784161        2.0492173826043003E-005
   1.0000000000000009E-002   108.03380643082473        5.3465481078351841E-002   1.2809020170647410E-006
