0.100  -.114282E+00 0.123668E-01 0.117318E-01   .107E+04 .540E+01 .145E-01
0.090  -.101768E+00 0.122458E-01 0.117320E-01   .967E+03 .437E+01 .130E-01
0.080  -.892341E-01 0.121370E-01 0.117344E-01   .861E+03 .344E+01 .791E-02
0.070  -.766763E-01 0.120414E-01 0.117339E-01   .753E+03 .262E+01 .336E-02
0.060  -.640978E-01 0.119597E-01 0.117337E-01   .646E+03 .193E+01 .155E-02
0.050  -.515008E-01 0.118911E-01 0.117330E-01   .539E+03 .134E+01 .438E-02
0.040  -.388861E-01 0.118345E-01 0.117347E-01   .431E+03 .861E+00 .100E-01
0.030  -.262539E-01 0.117898E-01 0.117315E-01   .324E+03 .480E+00 .168E-01
0.020  -.136077E-01 0.117585E-01 0.117406E-01   .216E+03 .213E+00 .608E-01
0.010  -.941753E-03 0.117421E-01 0.117262E-01   .108E+03 .735E-01 .620E-01
