0.100  -.114282E+00 0.123668E-01 0.117320E-01   .107E+04 .540E+01 .127E-01
0.090  -.101769E+00 0.122455E-01 0.117325E-01   .967E+03 .436E+01 .837E-02
0.080  -.892326E-01 0.121374E-01 0.117329E-01   .860E+03 .344E+01 .523E-02
0.070  -.766750E-01 0.120423E-01 0.117331E-01   .753E+03 .263E+01 .307E-02
0.060  -.640971E-01 0.119601E-01 0.117333E-01   .646E+03 .193E+01 .166E-02
0.050  -.515001E-01 0.118907E-01 0.117334E-01   .539E+03 .134E+01 .800E-03
0.040  -.388850E-01 0.118340E-01 0.117335E-01   .431E+03 .857E+00 .328E-03
0.030  -.262530E-01 0.117900E-01 0.117335E-01   .324E+03 .482E+00 .104E-03
0.020  -.136052E-01 0.117586E-01 0.117335E-01   .216E+03 .214E+00 .205E-04
0.010  -.942646E-03 0.117398E-01 0.117335E-01   .108E+03 .535E-01 .128E-05
