   0.0000000000000000       0.99999989000000000     
   4.0000000000000001E-002   2.4091190519450625     
   8.0000000000000002E-002   3.2415771945911791     
  0.12000000000000000        3.6231466894498952     
  0.16000000000000000        3.6612417517827143     
  0.20000000000000001        3.4467952171040661     
  0.23999999999999999        3.0560039106486636     
  0.28000000000000003        2.5519483494034789     
  0.32000000000000001        1.9860923971719298     
  0.35999999999999999        1.3996683740051630     
  0.40000000000000002       0.82495300220271639     
  0.44000000000000000       0.28643945195209736     
  0.47999999999999998      -0.19808936945579725     
  0.52000000000000002      -0.61658126003118330     
  0.56000000000000005      -0.96182399143824437     
  0.59999999999999998       -1.2306386167574366     
  0.64000000000000001       -1.4231521502510163     
  0.68000000000000005       -1.5421450708581987     
  0.71999999999999997       -1.5924692202790875     
  0.76000000000000001       -1.5805317856391101     
  0.80000000000000004       -1.5138411758584165     
  0.83999999999999997       -1.4006107199833393     
  0.88000000000000000       -1.2494162348696840     
  0.92000000000000004       -1.0689036287403095     
  0.95999999999999996      -0.86754282627208135     
   1.0000000000000000      -0.65342442000000001     
   1.0400000000000000      -0.43409557195893061     
   1.0800000000000001      -0.21643180861606331     
   1.1200000000000001       -6.5414712798740685E-003
   1.1599999999999999       0.19030029669595883     
   1.2000000000000000       0.36969102546256877     
   1.2400000000000000       0.52811673739605081     
   1.2800000000000000       0.66294687027130828     
   1.3200000000000001       0.77241094704046109     
   1.3600000000000001       0.85555951523403739     
   1.4000000000000001       0.91221175987047942     
   1.4399999999999999       0.94289207462684699     
   1.4800000000000000       0.94875775689092423     
   1.5200000000000000       0.93151987318225937     
   1.5600000000000001       0.89335922229702125     
   1.6000000000000001       0.83683920439886306     
   1.6400000000000001       0.76481728514533509     
   1.6799999999999999       0.68035662480670778     
   1.7200000000000000       0.58663932320140744     
   1.7600000000000000       0.48688261213959283     
   1.8000000000000000       0.38425920793373691     
   1.8400000000000001       0.28182291740240262     
   1.8800000000000001       0.18244047166074576     
   1.9199999999999999        8.8730442858600503E-002
   1.9600000000000000        3.0099798943338013E-003
   2.0000000000000000       -7.2750019999999999E-002
   2.0400000000000000      -0.13696080603936001     
   2.0800000000000001      -0.18844235640208257     
   2.1200000000000001      -0.22644038898439189     
   2.1600000000000001      -0.25063366002820742     
   2.2000000000000002      -0.26113152939006473     
   2.2400000000000002      -0.25846189035163764     
   2.2800000000000002      -0.24354968100501384     
   2.3199999999999998      -0.21768631337854619     
   2.3599999999999999      -0.18249047560176923     
   2.3999999999999999      -0.13986088154054155     
   2.4399999999999999       -9.1921661466235427E-002
   2.4800000000000000       -4.0961206455470904E-002
   2.5200000000000000        1.0634601650444610E-002
   2.5600000000000001        6.0453723764541611E-002
   2.6000000000000001       0.10613269045718027     
   2.6400000000000001       0.14543343301584288     
   2.6800000000000002       0.17632081030189314     
   2.7200000000000002       0.19703930391180016     
   2.7600000000000002       0.20618723501765659     
   2.8000000000000003       0.20278673712915452     
   2.8399999999999999       0.18634759988651120     
   2.8799999999999999       0.15692297986117082     
   2.9199999999999999       0.11515485520844292     
   2.9600000000000000        6.2306981883562762E-002
   3.0000000000000000        2.8299000000000000E-004
   3.0400000000000000       -6.8372860223833404E-002
   3.0800000000000001      -0.14049486261598862     
   3.1200000000000001      -0.21233770811968131     
   3.1600000000000001      -0.27964382473113952     
   3.2000000000000002      -0.33773917139111448     
   3.2400000000000002      -0.38166056204724369     
   3.2800000000000002      -0.40631771523711635     
   3.3200000000000003      -0.40669334367456744     
   3.3599999999999999      -0.37808471745438760     
   3.3999999999999999      -0.31639025362330636     
   3.4399999999999999      -0.21844480399778143     
   3.4800000000000000       -8.2407432241778170E-002
   3.5200000000000000        9.1794409649589695E-002
   3.5600000000000001       0.30196027618203308     
   3.6000000000000001       0.54304754609847339     
   3.6400000000000001       0.80653339547597747     
   3.6800000000000002        1.0797035395067025     
   3.7200000000000002        1.3448632371536555     
   3.7600000000000002        1.5784659337393927     
   3.8000000000000003        1.7501547973931171     
   3.8399999999999999        1.8217122861489785     
   3.8799999999999999        1.7459127633556935     
   3.9199999999999999        1.4652730599249353     
   3.9600000000000000       0.91069576281330766     
   4.0000000000000000       -1.1000000000000001E-007
