   0.0000000000000000       0.99999989000000000     
   3.9602970297054715E-002  0.87685009410144721     
   7.9205940594109431E-002  0.75411631571524540     
  0.11880891089116415       0.63221457235374545     
  0.15841188118821886       0.51156088152929846     
  0.19801485148527359       0.39257126075425530     
  0.23761782178232829       0.27566172754096696     
  0.27722079207938299       0.16124829940178453     
  0.31682376237643772        4.9746993849058896E-002
  0.35642673267349245       -5.8426171604859301E-002
  0.39602970297054718      -0.16285517944761851     
  0.43563267326760186      -0.26312401216686787     
  0.47523564356465658      -0.35881665225025716     
  0.51483861386171126      -0.44950815227950031     
  0.55444158415876599      -0.53436826358623879     
  0.59404455445582072      -0.61200388350324297     
  0.63364752475287545      -0.68098039981357705     
  0.67325049504993018      -0.73986320030030561     
  0.71285346534698490      -0.78721767274649301     
  0.75245643564403963      -0.82160920493520351     
  0.79205940594109436      -0.84160318464950168     
  0.83166237623814898      -0.84576499967245167     
  0.87126534653520371      -0.83266003778711806     
  0.91086831683225844      -0.80085368677656499     
  0.95047128712931317      -0.74891133442385738     
  0.99007425742636790      -0.67539836851205903     
   1.0296772277234225      -0.57009736888116347     
   1.0692801980204774      -0.44186289162871861     
   1.1088831683175320      -0.29842453973507432     
   1.1484861386145868      -0.14444737303063204     
   1.1880891089116414        1.5403548654203680E-002
   1.2276920792086963       0.17646316548903129     
   1.2672950495057509       0.33406641764344625     
   1.3068980198028055       0.48354824528704621     
   1.3465009900998604       0.62024358858942918     
   1.3861039603969150       0.73948738772019029     
   1.4257069306939698       0.83661458284892853     
   1.4653099009910244       0.90696011414523869     
   1.5049128712880793       0.94586181694134108     
   1.5445158415851339       0.95079977169046848     
   1.5841188118821887       0.92518882291550897     
   1.6237217821792433       0.87346307148162849     
   1.6633247524762980       0.80005661825399266     
   1.7029277227733528       0.70940356409776650     
   1.7425306930704074       0.60593800987811663     
   1.7821336633674623       0.49409405646020760     
   1.8217366336645169       0.37830580470920616     
   1.8613396039615717       0.26300735549027709     
   1.9009425742586263       0.15263280966858683     
   1.9405455445556810        5.1616268109300645E-002
   1.9801485148527358       -3.5608168322416867E-002
   2.0197514851497904      -0.10474116500265698     
   2.0593544554468450      -0.15460146431773383     
   2.0989574257439001      -0.18713617217456804     
   2.1385603960409547      -0.20442921803041209     
   2.1781633663380093      -0.20856453134251951     
   2.2177663366350640      -0.20162604156814365     
   2.2573693069321186      -0.18569767816453744     
   2.2969722772291736      -0.16286337058895392     
   2.3365752475262282      -0.13520704829864674     
   2.3761782178232829      -0.10481264075086896     
   2.4157811881203375       -7.3764077402873302E-002
   2.4553841584173925       -4.4145287711913533E-002
   2.4949871287144472       -1.8040201135242545E-002
   2.5345900990115018        2.7625904386029895E-003
   2.5741930693085564        1.8207572596787892E-002
   2.6137960396056110        2.8869403582541617E-002
   2.6533990099026661        3.5323640563020606E-002
   2.6930019801997207        3.8145840705381129E-002
   2.7326049504967753        3.7911561176779685E-002
   2.7722079207938299        3.5196359144372691E-002
   2.8118108910908850        3.0575791775316417E-002
   2.8514138613879396        2.4625416236767426E-002
   2.8910168316849942        1.7920789695882042E-002
   2.9306198019820489        1.1037469319816726E-002
   2.9702227722791035        4.5510122757277706E-003
   3.0098257425761585       -9.6484290620664980E-004
   3.0494287128732132       -5.1606027547362373E-003
   3.0890316831702678       -8.1245630386007784E-003
   3.1286346534673224       -9.9956372557598906E-003
   3.1682376237643775       -1.0912738904173193E-002
   3.2078405940614321       -1.1014781481800288E-002
   3.2474435643584867       -1.0440678486600807E-002
   3.2870465346555413       -9.3293434165343560E-003
   3.3266495049525959       -7.8196897695605692E-003
   3.3662524752496510       -6.0506310436390202E-003
   3.4058554455467056       -4.1610807367293799E-003
   3.4454584158437602       -2.2899523467912642E-003
   3.4850613861408148       -5.7615937178425965E-004
   3.5246643564378695        8.4808914503467861E-004
   3.5642673267349245        1.9423772966992634E-003
   3.6038702970319791        2.7328304546076661E-003
   3.6434732673290338        3.2470636427670884E-003
   3.6830762376260884        3.5126918851847194E-003
   3.7226792079231434        3.5573302058677456E-003
   3.7622821782201981        3.4085936288233525E-003
   3.8018851485172527        3.0940971780587349E-003
   3.8414881188143073        2.6414558775810781E-003
   3.8810910891113619        2.0782847513975689E-003
   3.9206940594084170        1.4321988235153885E-003
   3.9602970297054716        7.3081311794173805E-004
   3.9999000000025262        1.7426586838024875E-006
