   0.0000000000000000       0.99999989000000000     
   3.9602970297054715E-002  0.96732894522739044     
   7.9205940594109431E-002  0.92812117166342256     
  0.11880891089116415       0.87583974051673830     
  0.15841188118821886       0.80394782299597933     
  0.19801485148527359       0.70691129193854563     
  0.23761782178232829       0.58681075040989217     
  0.27722079207938299       0.44922129554643636     
  0.31682376237643772       0.29973633297614305     
  0.35642673267349245       0.14347018343317625     
  0.39602970297054718       -1.5111687860928064E-002
  0.43563267326760186      -0.17231129309010643     
  0.47523564356465658      -0.32474758986153773     
  0.51483861386171126      -0.46904198400527908     
  0.55444158415876599      -0.60192700058498916     
  0.59404455445582072      -0.72028947935186682     
  0.63364752475287545      -0.82102764043513787     
  0.67325049504993018      -0.90104167665389590     
  0.71285346534698490      -0.95790493765386364     
  0.75245643564403963      -0.99084287781958491     
  0.79205940594109436      -0.99932979225497354     
  0.83166237623814898      -0.98283997606394358     
  0.87126534653520371      -0.94122050192784579     
  0.91086831683225844      -0.87601097913537840     
  0.95047128712931317      -0.78923113044771387     
  0.99007425742636790      -0.68290071050397472     
   1.0296772277234225      -0.55916316514607112     
   1.0692801980204774      -0.42124078356305894     
   1.1088831683175320      -0.27291230812676093     
   1.1484861386145868      -0.11796110878794952     
   1.1880891089116414        3.9823824620153041E-002
   1.2276920792086963       0.19654606879973965     
   1.2672950495057509       0.34821265191395256     
   1.3068980198028055       0.49082716701940360     
   1.3465009900998604       0.62040187845152894     
   1.3861039603969150       0.73347249034297024     
   1.4257069306939698       0.82738786438748324     
   1.4653099009910244       0.89956702530988264     
   1.5049128712880793       0.94742979297971008     
   1.5445158415851339       0.96898437356266887     
   1.5841188118821887       0.96386900891793437     
   1.6237217821792433       0.93200188837081643     
   1.6633247524762980       0.87330120124662525     
   1.7029277227733528       0.78850033532662078     
   1.7425306930704074       0.68253722695200658     
   1.7821336633674623       0.56170144027540403     
   1.8217366336645169       0.43228317760903334     
   1.8613396039615717       0.30064381278094454     
   1.9009425742586263       0.17386132024586134     
   1.9405455445556810        5.9428314873162191E-002
   1.9801485148527358       -3.5157535538977269E-002
   2.0197514851497904      -0.10267014399587890     
   2.0593544554468450      -0.14216697360248140     
   2.0989574257439001      -0.15900976694547331     
   2.1385603960409547      -0.15883599330414966     
   2.1781633663380093      -0.14727168855504982     
   2.2177663366350640      -0.12898467579788556     
   2.2573693069321186      -0.10697539896129959     
   2.2969722772291736       -8.4077244409208440E-002
   2.3365752475262282       -6.3123279541552890E-002
   2.3761782178232829       -4.6211594576969578E-002
   2.4157811881203375       -3.3136896204198130E-002
   2.4553841584173925       -2.3243863222865174E-002
   2.4949871287144472       -1.5877174432597688E-002
   2.5345900990115018       -1.0420822118454808E-002
   2.5741930693085564       -6.4894948369548060E-003
   2.6137960396056110       -3.7817657524480547E-003
   2.6533990099026661       -1.9963276909005841E-003
   2.6930019801997207       -8.4116899672226299E-004
   2.7326049504967753       -1.3300126989132456E-004
   2.7722079207938299        2.4100381692011060E-004
   2.8118108910908850        3.9248597574930680E-004
   2.8514138613879396        4.3152473691572535E-004
   2.8910168316849942        4.2377670141770176E-004
   2.9306198019820489        3.8514009029563448E-004
   2.9702227722791035        3.2888154756464158E-004
   3.0098257425761585        2.6823567802041447E-004
   3.0494287128732132        2.1248652335529883E-004
   3.0890316831702678        1.6320551811768860E-004
   3.1286346534673224        1.2107235580927469E-004
   3.1682376237643775        8.6766707854264640E-005
   3.2078405940614321        6.0570844061649362E-005
   3.2474435643584867        4.1355482727798286E-005
   3.2870465346555413        2.7678080371953493E-005
   3.3266495049525959        1.8096093513357062E-005
   3.3662524752496510        1.1263890433733619E-005
   3.4058554455467056        6.4843893279056900E-006
   3.4454584158437602        3.3266666504633090E-006
   3.4850613861408148        1.3606100107323200E-006
   3.5246643564378695        1.6798687974060619E-007
   3.5642673267349245       -5.0678381256592251E-007
   3.6038702970319791       -8.0137632152236187E-007
   3.6434732673290338       -8.5082533241895389E-007
   3.6830762376260884       -7.8870477215164877E-007
   3.7226792079231434       -6.9633606967046605E-007
   3.7622821782201981       -5.8967543286521024E-007
   3.8018851485172527       -4.8055448346066306E-007
   3.8414881188143073       -3.8078113764679652E-007
   3.8810910891113619       -2.9749664624820206E-007
   3.9206940594084170       -2.2760127852039759E-007
   3.9602970297054716       -1.6663574656750508E-007
   3.9999000000025262       -1.1014076249364420E-007
