        9.523809523810E-02         9.111554560082E-03
          0.190476190476           1.813653676533E-02
          0.285714285714           2.672055861219E-02
          0.380952380952           3.448447303188E-02
          0.476190476190           4.102535174298E-02
          0.571428571429           4.591901286479E-02
          0.666666666667           4.872433415928E-02
          0.761904761905           4.898956974331E-02
          0.857142857143           4.626084635717E-02
          0.952380952381           4.009294479696E-02
           1.04761904762           3.006236867431E-02
           1.14285714286           1.578256360349E-02
           1.23809523810           3.079024800339E-03
           1.33333333333           2.678257235049E-02
           1.42857142857           5.549692522127E-02
           1.52380952381           8.928106286739E-02
           1.61904761905             0.128067187215
           1.71428571429             0.171646836013
           1.80952380952             0.219661530835
           1.90476190476             0.271599474241
           2.00000000000             0.326799671888
