         0.00000000000                1.00000000000
        9.523809523810E-02            1.00000000000
          0.190476190476             0.981859410431
          0.285714285714             0.946236393272
          0.380952380952             0.894740535135
          0.476190476190             0.829816051860
          0.571428571429             0.754549289787
          0.666666666667             0.672421475932
          0.761904761905             0.587034621846
          0.857142857143             0.501841388743
          0.952380952381             0.419908100785
           1.04761904762             0.343734295654
           1.14285714286             0.275143325093
           1.23809523810             0.215248179494
           1.33333333333             0.164486704058
           1.42857142857             0.122712303027
           1.52380952381           8.932120016280E-02
           1.61904761905           6.339577245115E-02
           1.71428571429           4.384514874739E-02
           1.80952380952           2.952836548294E-02
           1.90476190476           1.935078826433E-02
           2.00000000000           1.233009410947E-02
