         0.00000000000                1.00000000000
        9.523809523810E-02           0.990929705215
          0.190476190476             0.964291727732
          0.285714285714             0.921511666817
          0.380952380952             0.864822501388
          0.476190476190             0.797070712621
          0.571428571429             0.721478895305
          0.666666666667             0.641392478679
          0.761904761905             0.560038157876
          0.857142857143             0.480317792582
          0.952380952381             0.404654792631
           1.04761904762             0.334901720258
           1.14285714286             0.272309447862
           1.23809523810             0.217550999031
           1.33333333333             0.170788066079
           1.42857142857             0.131765547148
           1.52380952381           9.991920854316E-02
           1.61904761905           7.448330387096E-02
           1.71428571429           5.458799960222E-02
           1.80952380952           3.934003969667E-02
           1.90476190476           2.788358642740E-02
           2.00000000000           1.944113136397E-02
