         0.00000000000                1.00000000000
        9.523809523810E-02           0.990929705215
          0.190476190476             0.964210203700
          0.285714285714             0.921275107912
          0.380952380952             0.864373114420
          0.476190476190             0.796372082697
          0.571428571429             0.720518932724
          0.666666666667             0.640183411325
          0.761904761905             0.558613772478
          0.857142857143             0.478728507387
          0.952380952381             0.402961396680
           1.04761904762             0.333168709036
           1.14285714286             0.270598823397
           1.23809523810             0.215917215634
           1.33333333333             0.169274540703
           1.42857142857             0.130402872068
           1.52380952381           9.872495346416E-02
           1.61904761905           7.346310997205E-02
           1.71428571429           5.373756556030E-02
           1.80952380952           3.864757769321E-02
           1.90476190476           2.733236914404E-02
           2.00000000000           1.901183612126E-02
