        9.523809523810E-02         4.138471030459E-05
          0.190476190476           1.647617977089E-04
          0.285714285714           3.638623963677E-04
          0.380952380952           6.258455262907E-04
          0.476190476190           9.309585547509E-04
          0.571428571429           1.252189796460E-03
          0.666666666667           1.554908919598E-03
          0.761904761905           1.796488592288E-03
          0.857142857143           1.925898204278E-03
          0.952380952381           1.883257482432E-03
           1.04761904762           1.599334321929E-03
           1.14285714286           9.949670920245E-04
           1.23809523810           1.961306937695E-05
           1.33333333333           1.545590039173E-03
           1.42857142857           3.696537262645E-03
           1.52380952381           6.599603716406E-03
           1.61904761905           1.039696555865E-02
           1.71428571429           1.524760956584E-02
           1.80952380952           2.132952910996E-02
           1.90476190476           2.884243178124E-02
           2.00000000000           3.801108095404E-02
