          0.285714285714           2.284911865562E-06
          0.380952380952           2.145022619930E-07
          0.476190476190           2.879976529464E-06
          0.571428571429           4.160489501857E-06
          0.666666666667           1.216160489940E-05
          0.761904761905           2.251984975274E-05
          0.857142857143           3.032218212062E-05
          0.952380952381           4.809588356042E-05
           1.04761904762           6.852068222225E-05
           1.14285714286           8.105020518463E-05
           1.23809523810           1.075785498821E-04
           1.33333333333           1.341181707451E-04
           1.42857142857           1.349598591712E-04
           1.52380952381           1.574991535710E-04
           1.61904761905           1.737010566441E-04
           1.71428571429           1.120743359493E-04
           1.80952380952           9.914372984426E-05
           1.90476190476           7.988028784200E-05
           2.00000000000           1.812665054418E-04
