         0.00000000000                1.00000000000
        9.523809523810E-02           0.990970716251
          0.190476190476             0.964369094886
          0.285714285714             0.921612553096
          0.380952380952             0.864914602765
          0.476190476190             0.797111867276
          0.571428571429             0.721419288885
          0.666666666667             0.641172590647
          0.761904761905             0.559606519308
          0.857142857143             0.479637724727
          0.952380952381             0.403702291256
           1.04761904762             0.333679545238
           1.14285714286             0.270846374537
           1.23809523810             0.215889753312
           1.33333333333             0.168990647649
           1.42857142857             0.129905073968
           1.52380952381           9.806223249355E-02
           1.61904761905           7.269454665435E-02
           1.71428571429           5.292456978185E-02
           1.80952380952           3.783670688724E-02
           1.90476190476           2.656401503504E-02
           2.00000000000           1.831895890059E-02
