         0.00000000000                1.00000000000
        9.523809523810E-02           0.990970715970
          0.190476190476             0.964369092220
          0.285714285714             0.921610439480
          0.380952380952             0.864914405008
          0.476190476190             0.797114157693
          0.571428571429             0.721422323000
          0.666666666667             0.641180517447
          0.761904761905             0.559619437320
          0.857142857143             0.479652889895
          0.952380952381             0.403722773097
           1.04761904762             0.333704057886
           1.14285714286             0.270870677397
           1.23809523810             0.215916109283
           1.33333333333             0.169017242355
           1.42857142857             0.129927285551
           1.52380952381           9.808299251549E-02
           1.61904761905           7.271295422962E-02
           1.71428571429           5.293653828462E-02
           1.80952380952           3.784653129829E-02
           1.90476190476           2.657203325393E-02
           2.00000000000           1.832117357723E-02
