        9.523809523810E-02         2.840704381796E-10
          0.190476190476           2.765061983034E-09
          0.285714285714           8.482236519792E-09
          0.380952380952           1.414095837383E-08
          0.476190476190           6.589455614259E-09
          0.571428571429           4.525118562728E-08
          0.666666666667           2.012186673151E-07
          0.761904761905           5.637291278132E-07
          0.857142857143           1.294823159182E-06
          0.952380952381           2.636689147162E-06
           1.04761904762           4.935928104008E-06
           1.14285714286           8.671838149612E-06
           1.23809523810           1.448901165199E-05
           1.33333333333           2.323455401286E-05
           1.42857142857           3.600025036605E-05
           1.52380952381           5.417002545057E-05
           1.61904761905           7.947306302560E-05
           1.71428571429           1.140429749747E-04
           1.80952380952           1.604834374320E-04
           1.90476190476           2.219407427083E-04
           2.00000000000           3.021837526465E-04
