   0.0000000000000000       0.99999989000000000     
   4.0000000000000001E-002   401.52614003778211     
   8.0000000000000002E-002   270.99832218312559     
  0.12000000000000000        103.05132029684614     
  0.16000000000000000        9.3456670990009680     
  0.20000000000000001       -20.764712581955720     
  0.23999999999999999       -19.339404811965249     
  0.28000000000000003       -9.3762701947082885     
  0.32000000000000001       -1.4185939459633268     
  0.35999999999999999        2.1318726818183169     
  0.40000000000000002        2.4237388468848216     
  0.44000000000000000        1.2939339850764269     
  0.47999999999999998        4.8964656354073002E-002
  0.52000000000000002      -0.74630010687434800     
  0.56000000000000005       -1.0493785649817826     
  0.59999999999999998       -1.0470073760681646     
  0.64000000000000001      -0.94512248641623098     
  0.68000000000000005      -0.87226093043271113     
  0.71999999999999997      -0.86761074950381722     
  0.76000000000000001      -0.91101474491446521     
  0.80000000000000004      -0.96097205889042103     
  0.83999999999999997      -0.98214015891214779     
  0.88000000000000000      -0.95726092649118621     
  0.92000000000000004      -0.88658400573778651     
  0.95999999999999996      -0.78085740571570195     
   1.0000000000000000      -0.65342442000000001     
   1.0400000000000000      -0.51478880094787283     
   1.0800000000000001      -0.37065909612246750     
   1.1200000000000001      -0.22279850430601753     
   1.1599999999999999       -7.1250169270589636E-002
   1.2000000000000000        8.3454860452419816E-002
   1.2400000000000000       0.23899184680707880     
   1.2800000000000000       0.39108731816016318     
   1.3200000000000001       0.53425413978631842     
   1.3600000000000001       0.66290069415397390     
   1.4000000000000001       0.77230262934766691     
   1.4399999999999999       0.85911293845761849     
   1.4800000000000000       0.92134400879306821     
   1.5200000000000000       0.95797888893134897     
   1.5600000000000001       0.96848952828715240     
   1.6000000000000001       0.95253567616771728     
   1.6400000000000001       0.91001125404515504     
   1.6799999999999999       0.84144554093338042     
   1.7200000000000000       0.74861365011827885     
   1.7600000000000000       0.63511443700685777     
   1.8000000000000000       0.50666187973287236     
   1.8400000000000001       0.37090842675356184     
   1.8800000000000001       0.23675131505965211     
   1.9199999999999999       0.11322489535202795     
   1.9600000000000000        8.2090848159676148E-003
   2.0000000000000000       -7.2750019999999999E-002
   2.0400000000000000      -0.12722525111006247     
   2.0800000000000001      -0.15610749701761115     
   2.1200000000000001      -0.16317010685866204     
   2.1600000000000001      -0.15410723845390903     
   2.2000000000000002      -0.13528451552500168     
   2.2400000000000002      -0.11250716873951676     
   2.2800000000000002       -9.0096003763259880E-002
   2.3199999999999998       -7.0468164191300364E-002
   2.3599999999999999       -5.4272630631109951E-002
   2.3999999999999999       -4.0970611784172550E-002
   2.4399999999999999       -2.9624890801416968E-002
   2.4800000000000000       -1.9609025023909876E-002
   2.5200000000000000       -1.0987079734264415E-002
   2.5600000000000001       -4.4401885509772667E-003
   2.6000000000000001       -7.9228793766605290E-004
   2.6400000000000001       -3.5728146013827046E-004
   2.6800000000000002       -2.4306105103826412E-003
   2.7200000000000002       -5.2299885911985967E-003
   2.7600000000000002       -6.4364230192610486E-003
   2.8000000000000003       -4.2285909047787206E-003
   2.8399999999999999        1.5782062228038496E-003
   2.8799999999999999        8.8670785092832792E-003
   2.9199999999999999        1.3586175799295122E-002
   2.9600000000000000        1.1397447165408043E-002
   3.0000000000000000        2.8299000000000000E-004
   3.0400000000000000       -1.6909743191549930E-002
   3.0800000000000001       -3.1531957557823100E-002
   3.1200000000000001       -3.1350049464423171E-002
   3.1600000000000001       -6.5819642817322712E-003
   3.2000000000000002        4.1448548338168849E-002
   3.2400000000000002        9.2792420293717703E-002
   3.2800000000000002       0.10854302590030493     
   3.3200000000000003        4.4197459847157387E-002
   3.3599999999999999      -0.12017757016196186     
   3.3999999999999999      -0.33879004668771590     
   3.4399999999999999      -0.46826876246362825     
   3.4800000000000000      -0.28183005117191007     
   3.5200000000000000       0.42492959418445858     
   3.5600000000000001        1.6067255890515584     
   3.6000000000000001        2.6539890659103391     
   3.6400000000000001        2.1613340878348293     
   3.6800000000000002       -1.8381687311400845     
   3.7200000000000002       -10.557943749448100     
   3.7600000000000002       -21.391201405674931     
   3.8000000000000003       -23.017968608806708     
   3.8399999999999999        9.1492718563427431     
   3.8799999999999999        109.24789138211986     
   3.9199999999999999        288.36969938831260     
   3.9600000000000000        427.13930765856117     
   4.0000000000000000       -1.1000000000000001E-007
