   0.0000000000000000       0.99999989000000000     
   3.9999000000025264E-002  0.87597473021558026     
   7.9998000000050529E-002  0.75236448514416199     
  0.11999700000007579       0.62958406949874623     
  0.15999600000010106       0.50804839799233437     
  0.19999500000012632       0.38817238533792786     
  0.23999400000015159       0.27037094624852787     
  0.27999300000017685       0.15505899543713586     
  0.31999200000020211        4.2651447616752991E-002
  0.35999100000022738       -6.6436782499619484E-002
  0.39999000000025264      -0.17179078019897975     
  0.43998900000027791      -0.27299563076832700     
  0.47998800000030317      -0.36963641949465997     
  0.51998700000032838      -0.46127469854550479     
  0.55998600000035370      -0.54692996324976484     
  0.59998500000037902      -0.62507921001233013     
  0.63998400000040423      -0.69417581370152237     
  0.67998300000042944      -0.75267314918566397     
  0.71998200000045476      -0.79902459133307713     
  0.75998100000048008      -0.83168351501208337     
  0.79998000000050529      -0.84910329509100513     
  0.83997900000053050      -0.84973730643816414     
  0.87997800000055582      -0.83203892392188261     
  0.91997700000058114      -0.79446152241048229     
  0.95997600000060634      -0.73545847677228582     
  0.99997500000063155      -0.65348316187561495     
   1.0399740000006568      -0.55873967484425791     
   1.0799730000006822      -0.44365575786802813     
   1.1199720000007074      -0.31239994432517543     
   1.1599710000007326      -0.16914752126968025     
   1.1999700000007580       -1.8073775755522381E-002
   1.2399690000007833       0.13664600516331527     
   1.2799680000008085       0.29083653443285307     
   1.3199670000008337       0.44032252499910973     
   1.3599660000008589       0.58092868980810464     
   1.3999650000008843       0.70847974180585760     
   1.4399640000009095       0.81880039393838622     
   1.4799630000009347       0.90771535915171053     
   1.5199620000009602       0.94570466797747288     
   1.5599610000009854       0.93210248902205550     
   1.5999600000010106       0.89539294733757924     
   1.6399590000010358       0.83862139244869527     
   1.6799580000010610       0.76483317388005423     
   1.7199570000010864       0.67707364115630653     
   1.7599560000011116       0.57838814380210402     
   1.7999550000011368       0.47182203134209721     
   1.8399540000011623       0.36042065330093620     
   1.8799530000011875       0.24722935920327305     
   1.9199520000012127       0.13529349857375861     
   1.9599510000012379        2.7658420937043071E-002
   1.9999500000012631       -7.2630524182222378E-002
   2.0399490000012883      -0.10559613403549373     
   2.0799480000013135      -0.12895436552321332     
   2.1199470000013392      -0.14363834041959239     
   2.1599460000013644      -0.15050911301337144     
   2.1999450000013896      -0.15042773759329162     
   2.2399440000014148      -0.14425526844809383     
   2.2799430000014400      -0.13285275986651884     
   2.3199420000014652      -0.11708126613730771     
   2.3599410000014904       -9.7801841549201157E-002
   2.3999400000015161       -7.5875540390939883E-002
   2.4399390000015413       -5.2163416951265390E-002
   2.4799380000015665       -2.7526525518918127E-002
   2.5199370000015917       -1.3602646875172812E-002
   2.5599360000016169       -1.0882331431364793E-002
   2.5999350000016421       -8.5041403765731792E-003
   2.6399340000016673       -6.4506992904246226E-003
   2.6799330000016925       -4.7046337525457754E-003
   2.7199320000017178       -3.2485693425632900E-003
   2.7599310000017434       -2.0651316401038063E-003
   2.7999300000017686       -1.1369462247940009E-003
   2.8399290000017938       -4.4663867626051207E-004
   2.8799280000018190        2.3165425870004530E-005
   2.9199270000018442        2.8984050197090189E-004
   2.9599260000018695        3.7076097241553127E-004
   2.9999250000018947        2.8330125757723354E-004
   3.0399240000019203        8.0957234369799687E-004
   3.0799230000019455        1.1985788827553992E-003
   3.1199220000019707        1.4611761807128967E-003
   3.1599210000019959        1.6096577359920278E-003
   3.1999200000020211        1.6563170470143321E-003
   3.2399190000020464        1.6134476122013487E-003
   3.2799180000020716        1.4933429299746163E-003
   3.3199170000020968        1.3082964987556739E-003
   3.3599160000021220        1.0706018169660621E-003
   3.3999150000021476        7.9255238302731459E-004
   3.4399140000021728        4.8644169536097832E-004
   3.4799130000021981        1.6456325238858665E-004
   3.5199120000022233       -4.4670502112080769E-006
   3.5599110000022485       -1.3213785688849476E-005
   3.5999100000022737       -1.9584581853360714E-005
   3.6399090000022989       -2.3795384108027115E-005
   3.6799080000023245       -2.6062137856134035E-005
   3.7199070000023498       -2.6600788500966759E-005
   3.7599060000023750       -2.5627281445810651E-005
   3.7999050000024002       -2.3357562093951049E-005
   3.8399040000024254       -2.0007575848673270E-005
   3.8799030000024506       -1.5793268113262660E-005
   3.9199020000024758       -1.0930584291004594E-005
   3.9599010000025010       -5.6354697851842861E-006
   3.9999000000025262       -1.2386999908721422E-007
