   0.0000000000000000       0.99999989000000000     
   3.9999000000025264E-002  0.96584729934255975     
   7.9998000000050529E-002  0.92537521649073962     
  0.11999700000007579       0.87226414925015938     
  0.15999600000010106       0.80019460542643928     
  0.19999500000012632       0.70381175173467314     
  0.23999400000015159       0.58417591048720208     
  0.27999300000017685       0.44496519302583959     
  0.31999200000020211       0.28986544535708558     
  0.35999100000022738       0.13480534070870301     
  0.39999000000025264       -2.1914110705140294E-002
  0.43998900000027791      -0.18158541759068517     
  0.47998800000030317      -0.33939481097422308     
  0.51998700000032838      -0.48673986610116871     
  0.55998600000035370      -0.61926844165222239     
  0.59998500000037902      -0.73689333380928579     
  0.63998400000040423      -0.83573399271024962     
  0.67998300000042944      -0.91402604201917048     
  0.71998200000045476      -0.97097321862479868     
  0.75998100000048008       -1.0009528390080908     
  0.79998000000050529       -1.0026789092531532     
  0.83997900000053050      -0.97778163339846480     
  0.87997800000055582      -0.93750995944274007     
  0.91997700000058114      -0.86879850510746404     
  0.95997600000060634      -0.77350989749820598     
  0.99997500000063155      -0.65350676372053507     
   1.0399740000006568      -0.53229099331140461     
   1.0799730000006822      -0.39246481915158332     
   1.1199720000007074      -0.23824464186583683     
   1.1599710000007326       -7.3860149147531584E-002
   1.1999700000007580        8.3184643788581203E-002
   1.2399690000007833       0.23874289468388157     
   1.2799680000008085       0.39059975949595266     
   1.3199670000008337       0.53388349234871235     
   1.3599660000008589       0.66137109975627595     
   1.3999650000008843       0.77022402674635038     
   1.4399640000009095       0.85810669063971057     
   1.4799630000009347       0.92147887516963567     
   1.5199620000009602       0.96208361276649201     
   1.5599610000009854       0.97782958350743654     
   1.5999600000010106       0.96273558849089835     
   1.6399590000010358       0.91612397553480351     
   1.6799580000010610       0.84424144804134982     
   1.7199570000010864       0.75594011990995769     
   1.7599560000011116       0.64324468759178999     
   1.7999550000011368       0.51235022150721354     
   1.8399540000011623       0.37320653902946177     
   1.8799530000011875       0.24785290703323481     
   1.9199520000012127       0.12590231037034388     
   1.9599510000012379        1.6138239685599520E-002
   1.9999500000012631       -7.2655814376187455E-002
   2.0399490000012883      -0.12900600988416683     
   2.0799480000013135      -0.15914336602629800     
   2.1199470000013392      -0.16663584869512660     
   2.1599460000013644      -0.15504549093289843     
   2.1999450000013896      -0.14519083913300432     
   2.2399440000014148      -0.12736459325217803     
   2.2799430000014400      -0.10227263670125397     
   2.3199420000014652       -7.4094384383107684E-002
   2.3599410000014904       -5.3702283330324438E-002
   2.3999400000015161       -3.9307886776769989E-002
   2.4399390000015413       -2.7559734887539454E-002
   2.4799380000015665       -1.8550243990546833E-002
   2.5199370000015917       -1.1497679592808263E-002
   2.5599360000016169       -6.2127029908047200E-003
   2.5999350000016421       -3.1135162956342256E-003
   2.6399340000016673       -1.7385453679633830E-003
   2.6799330000016925       -9.6513615938600202E-004
   2.7199320000017178        2.3747080622527213E-004
   2.7599310000017434        7.3314862833182329E-004
   2.7999300000017686        7.0754967268652001E-004
   2.8399290000017938        4.5548277656988468E-004
   2.8799280000018190        5.6906478464609157E-004
   2.9199270000018442        5.5050516927698822E-004
   2.9599260000018695        4.4139024969375580E-004
   2.9999250000018947        2.8330634512757597E-004
   3.0399240000019203        2.3679367268846852E-004
   3.0799230000019455        1.8725591621085821E-004
   3.1199220000019707        1.3850998111179983E-004
   3.1599210000019959        9.4607921704249000E-005
   3.1999200000020211        6.3313781943399050E-005
   3.2399190000020464        4.1432086583727613E-005
   3.2799180000020716        2.6886862979586310E-005
   3.3199170000020968        1.8453432111129682E-005
   3.3599160000021220        1.0507311932940096E-005
   3.3999150000021476        4.2844634869478317E-006
   3.4399140000021728        1.2243346174821269E-006
   3.4799130000021981        5.3776904016365830E-007
   3.5199120000022233       -1.0064764271222317E-007
   3.5599110000022485       -1.2206610016968742E-006
   3.5999100000022737       -1.5140478249624713E-006
   3.6399090000022989       -1.2221440744921385E-006
   3.6799080000023245       -8.5824730644448580E-007
   3.7199070000023498       -8.6946303883106877E-007
   3.7599060000023750       -7.6005732761015831E-007
   3.7999050000024002       -5.7652716788336694E-007
   3.8399040000024254       -3.8615402089593536E-007
   3.8799030000024506       -3.0770985842743877E-007
   3.9199020000024758       -2.3735886963502979E-007
   3.9599010000025010       -1.7240557624800525E-007
   3.9999000000025262       -1.1015449999566196E-007
