  0.26104026789965151        1.0000000000000000E-003
  0.52208053579930302        1.0000000000000000E-003
  0.78312080369895454        1.0000000000000000E-003
   1.0441610715986060        1.0000000000000000E-003
   1.3052013394982578        1.0000000000000000E-003
   1.5662416073979091        1.0000000000000000E-003
   1.8272818752975608        1.0000000000000000E-003
   2.0883221431972121        1.0000000000000000E-003
   2.3493624110968638        1.0000000000000000E-003
   2.6104026789965156        1.0000000000000000E-003
   2.8714429468961669        1.0000000000000000E-003
   3.1324832147958181        1.0000000000000000E-003
   3.3935234826954699        1.0000000000000000E-003
   3.6545637505951216        1.0000000000000000E-003
   3.9156040184947734        1.0000000000000000E-003
   4.1766442863944242        1.0000000000000000E-003
   4.4376845542940764        1.0000000000000000E-003
   4.6987248221937277        1.0000000000000000E-003
   4.9597650900933790        1.0000000000000000E-003
   5.2208053579930311        1.0000000000000000E-003
   5.4818456258926824        1.0000000000000000E-003
   5.7428858937923337        1.0000000000000000E-003
   6.0039261616919850        1.0000000000000000E-003
   6.2649664295916363        1.0000000000000000E-003
   6.5260066974912885        1.0000000000000000E-003
   6.7870469653909398        1.0000000000000000E-003
   7.0480872332905911        1.0000000000000000E-003
   7.3091275011902432        1.0000000000000000E-003
   7.5701677690898945        1.0000000000000000E-003
   7.8312080369895467        1.0000000000000000E-003
   8.0922483048891980        1.0000000000000000E-003
   8.3532885727888484        1.0000000000000000E-003
   8.6143288406885006        1.0000000000000000E-003
   8.8753691085881528        1.0000000000000000E-003
   9.1364093764878049        1.0000000000000000E-003
   9.3974496443874553        1.0000000000000000E-003
   9.6584899122871075        1.0000000000000000E-003
   9.9195301801867579        1.0000000000000000E-003
   10.180570448086410        1.0000000000000000E-003
   10.441610715986062        1.0000000000000000E-003
   10.702650983885713        1.0000000000000000E-003
   10.963691251785365        1.0000000000000000E-003
   11.224731519685017        1.0000000000000000E-003
   11.485771787584667        1.0000000000000000E-003
   11.746812055484320        1.0000000000000000E-003
   12.007852323383970        1.0000000000000000E-003
   12.268892591283622        1.0000000000000000E-003
   12.529932859183273        1.0000000000000000E-003
   12.790973127082925        1.0000000000000000E-003
   13.052013394982577        1.0000000000000000E-003
   13.313053662882227        1.0000000000000000E-003
   13.574093930781880        1.0000000000000000E-003
   13.835134198681530        1.0000000000000000E-003
   14.096174466581182        1.0000000000000000E-003
   14.357214734480836        1.0000000000000000E-003
   14.618255002380486        1.0000000000000000E-003
   14.879295270280139        1.0000000000000000E-003
   15.140335538179789        1.0000000000000000E-003
   15.401375806079441        1.0000000000000000E-003
   15.662416073979093        1.0000000000000000E-003
   15.923456341878744        1.0000000000000000E-003
   16.184496609778396        1.0000000000000000E-003
   16.445536877678045        1.0000000000000000E-003
   16.706577145577697        1.0000000000000000E-003
   16.967617413477353        1.0000000000000000E-003
   17.228657681377001        1.0000000000000000E-003
   17.489697949276653        1.0000000000000000E-003
   17.750738217176306        1.0000000000000000E-003
   18.011778485075958        1.0000000000000000E-003
   18.272818752975610        1.0000000000000000E-003
   18.533859020875258        1.0000000000000000E-003
   18.794899288774911        1.0000000000000000E-003
   19.055939556674563        1.0000000000000000E-003
   19.316979824574215        1.0000000000000000E-003
   19.578020092473867        1.0000000000000000E-003
   19.839060360373516        1.0000000000000000E-003
   20.100100628273168        1.0000000000000000E-003
   20.361140896172820        1.0000000000000000E-003
   20.622181164072472        1.0000000000000000E-003
   20.883221431972125        1.0000000000000000E-003
   21.144261699871777        1.0000000000000000E-003
   21.405301967771425        1.0000000000000000E-003
   21.666342235671078        1.0000000000000000E-003
   21.927382503570730        1.0000000000000000E-003
   22.188422771470382        1.0000000000000000E-003
   22.449463039370034        1.0000000000000000E-003
   22.710503307269683        1.0000000000000000E-003
   22.971543575169335        1.0000000000000000E-003
   23.232583843068987        1.0000000000000000E-003
   23.493624110968639        1.0000000000000000E-003
   23.754664378868291        1.0000000000000000E-003
   24.015704646767940        1.0000000000000000E-003
   24.276744914667592        1.0000000000000000E-003
   24.537785182567244        1.0000000000000000E-003
   24.798825450466897        1.0000000000000000E-003
   25.059865718366545        1.0000000000000000E-003
   25.320905986266197        1.0000000000000000E-003
   25.581946254165850        1.0000000000000000E-003
   25.842986522065502        1.0000000000000000E-003
   26.104026789965154        1.0000000000000000E-003
