  -5.0000000000000000        8.3356607200644114E-005
  -4.9499999999999886        2.8454909305781214E-005
  -4.8999999999999773        5.3604333357510055E-006
  -4.8499999999999659        5.4792143548809822E-005
  -4.7999999999999545        3.5974256250639236E-005
  -4.7500000000000000       -6.4547611850517534E-005
  -4.6999999999999886       -1.1269990094692503E-005
  -4.6499999999999773        3.6739659374872582E-005
  -4.5999999999999659        1.1479365197498986E-004
  -4.5499999999999545        1.8488103708281285E-005
  -4.5000000000000000       -8.9829393566639710E-005
  -4.4499999999999886        6.8834003882454808E-005
  -4.3999999999999773        3.3764945546311276E-005
  -4.3499999999999659        3.6587749130642455E-005
  -4.2999999999999545       -9.3115702252604421E-005
  -4.2500000000000000        9.7684578380886728E-006
  -4.1999999999999886       -1.3877198615422943E-005
  -4.1499999999999773       -6.1141840400441854E-005
  -4.0999999999999659       -8.6336167800958846E-005
  -4.0499999999999545        7.1424307166612240E-005
  -4.0000000000000000       -1.3022466401372991E-005
  -3.9499999999999886        6.4515948238841683E-005
  -3.8999999999999773       -5.0338151998107417E-005
  -3.8499999999999659        1.5372009097881253E-005
  -3.7999999999999545       -3.6551353830101446E-006
  -3.7500000000000000        3.3535723032634466E-005
  -3.6999999999999886        4.1759057832090229E-005
  -3.6499999999999773        1.9581140631111615E-005
  -3.5999999999999659        4.6683486132220579E-005
  -3.5499999999999545        3.9931780199750916E-005
  -3.5000000000000000       -5.6760692992256792E-005
  -3.4499999999999886        2.0745078861481919E-005
  -3.3999999999999773        5.9539957727123822E-006
  -3.3499999999999659        5.4969691389967903E-005
  -3.2999999999999545        1.7342023092313473E-005
  -3.2500000000000000       -1.4371740389842976E-005
  -3.1999999999999886        6.4561652966790854E-006
  -3.1499999999999773        1.1187551503655193E-005
  -3.0999999999999659       -3.2289815832278321E-006
  -3.0499999999999545       -1.1576063849944235E-004
  -3.0000000000000000        1.2117124121106423E-005
  -2.9499999999999886        1.2078350802432600E-004
  -2.8999999999999773        3.6286629442864250E-005
  -2.8499999999999659       -4.8618623630322609E-005
  -2.7999999999999545        8.8287972616298590E-006
  -2.7500000000000000        6.4731113891162290E-005
  -2.6999999999999886        1.3357890325637630E-004
  -2.6499999999999773        1.7622277360570151E-006
  -2.5999999999999659        5.4295408180457363E-007
  -2.5499999999999545       -5.1777328956980527E-005
  -2.5000000000000000        2.5771660961031927E-005
  -2.4499999999999886       -9.0865397247292452E-006
  -2.3999999999999773       -5.9296629963431271E-007
  -2.3499999999999659        2.6230400955805563E-005
  -2.2999999999999545       -5.6533087458156313E-006
  -2.2500000000000000        5.1810756561370871E-005
  -2.1999999999999886        9.6628931958978086E-005
  -2.1499999999999773        1.2768211015550118E-005
  -2.0999999999999659       -1.3799866129590640E-005
  -2.0499999999999545       -3.8541512686972563E-005
  -2.0000000000000000        1.1933095991284154E-004
  -1.9499999999999886        8.2478951679990827E-005
  -1.8999999999999773       -1.4651337582558213E-006
  -1.8499999999999659        3.7731905015168372E-005
  -1.7999999999999545       -4.6284626345886892E-005
  -1.7500000000000000        7.2352446722653241E-005
  -1.6999999999999886        1.7326198147718232E-004
  -1.6499999999999773       -4.1915382599747837E-005
  -1.5999999999999659       -5.4280131433034532E-006
  -1.5499999999999545        3.1164838434403683E-006
  -1.5000000000000000       -4.3376672971312655E-005
  -1.4499999999999886        1.0296752679706385E-004
  -1.3999999999999773       -7.8569154353736240E-005
  -1.3499999999999659        3.6191595713018393E-006
  -1.2999999999999545       -1.0626163492019767E-004
  -1.2500000000000000        4.6859218471806319E-005
  -1.1999999999999886        3.0022745456669528E-006
  -1.1499999999999773       -2.5414997954646906E-005
  -1.0999999999999659       -3.2264912381243163E-005
  -1.0499999999999545        1.8215814615986270E-006
  -1.0000000000000000        9.8236825308993780E-005
 -0.94999999999998863        1.1495479999861092E-004
 -0.89999999999997726       -1.1423221839808958E-004
 -0.84999999999996589        3.4103024124016568E-005
 -0.79999999999995453       -1.1901543640292440E-004
 -0.75000000000000000        8.8140382088861384E-005
 -0.69999999999998863        9.3153476609917647E-006
 -0.64999999999997726       -4.8127803852314765E-005
 -0.59999999999996589        9.2118784560724250E-005
 -0.54999999999995453        9.8970583359385479E-006
 -0.50000000000000000       -7.9262925404710141E-006
 -0.44999999999998863       -6.2678262840267047E-005
 -0.39999999999997726        6.7435989493882346E-005
 -0.34999999999996589       -1.2731727511997209E-005
 -0.29999999999995453        8.7909734894316921E-006
 -0.25000000000000000        9.3400038785966064E-005
 -0.19999999999998863        2.1021816648562783E-005
 -0.14999999999997726       -5.3436814436993379E-005
  -9.9999999999965894E-002  -9.8046599794817711E-005
  -4.9999999999954525E-002  -1.5944940949476022E-005
   0.0000000000000000        8.6241146743053199E-004
   5.0000000000011369E-002  -2.2084156282074332E-005
  0.10000000000002274       -1.0577785038137136E-004
  0.15000000000003411       -5.3523006650203733E-005
  0.20000000000004547        9.9049005002626534E-006
  0.25000000000000000        6.5534560049633581E-005
  0.30000000000001137       -1.8228162762412088E-006
  0.35000000000002274       -3.4899124605104581E-005
  0.40000000000003411        4.4087910187835142E-005
  0.45000000000004547       -6.6497105937906258E-005
  0.50000000000000000        5.9849041019004964E-006
  0.55000000000001137       -1.5657371631160052E-005
  0.60000000000002274        7.8107065325050249E-005
  0.65000000000003411       -8.6182028630038318E-005
  0.70000000000004547       -5.3591869551434015E-006
  0.75000000000000000        9.7941598267742329E-005
  0.80000000000001137       -1.1785795566497765E-004
  0.85000000000002274        2.7461375937662016E-005
  0.90000000000003411       -1.0667371108287398E-004
  0.95000000000004547        8.1868025365257783E-005
   1.0000000000000000        4.5624501361100668E-005
   1.0500000000000114       -1.7443934689914621E-005
   1.1000000000000227       -5.4339518203482325E-005
   1.1500000000000341       -1.6151664637080678E-005
   1.2000000000000455       -3.6126731356736564E-005
   1.2500000000000000        2.9643673330378840E-005
   1.3000000000000114       -4.9491177703455599E-005
   1.3500000000000227        3.7502209013556104E-005
   1.4000000000000341       -1.1118099428852597E-004
   1.4500000000000455        1.1242212099975536E-004
   1.5000000000000000       -6.2457620712182881E-005
   1.5500000000000114        3.2812202186780695E-005
   1.6000000000000227        8.3582602515011028E-005
   1.6500000000000341        4.6396944869405982E-006
   1.7000000000000455        1.9775570331629559E-004
   1.7500000000000000        6.6937795120057618E-005
   1.8000000000000114       -5.5113672904188424E-005
   1.8500000000000227        7.6386467715282476E-005
   1.9000000000000341       -9.5075009527114053E-006
   1.9500000000000455        2.3376454529513844E-005
   2.0000000000000000        9.3893651560221091E-005
   2.0500000000000114       -4.6471202182293818E-005
   2.1000000000000227       -1.7613306461764507E-006
   2.1500000000000341        8.8291470903279409E-006
   2.2000000000000455        1.3760021605914929E-004
   2.2500000000000000        5.6371717782699508E-005
   2.3000000000000114       -6.4631331243728232E-005
   2.3500000000000227       -1.0370963159608739E-005
   2.4000000000000341        6.0450476585017136E-005
   2.4500000000000455        3.6037400443830128E-005
   2.5000000000000000        5.5453905385699490E-005
   2.5500000000000114       -1.5602091096193971E-005
   2.6000000000000227        2.7160261584784609E-005
   2.6500000000000341       -9.2458549873447239E-006
   2.7000000000000455        1.0946546352112949E-004
   2.7500000000000000        2.6467489602938933E-005
   2.8000000000000114        2.9432534440229941E-005
   2.8500000000000227       -1.2328220828464131E-005
   2.9000000000000341        3.4439481456151782E-005
   2.9500000000000455        4.3113352947490636E-005
   3.0000000000000000       -3.2946425118638757E-005
   3.0500000000000114       -7.5646653354980172E-005
   3.1000000000000227        4.7896978380739886E-005
   3.1500000000000341        5.4677996661180993E-005
   3.2000000000000455       -6.1068280121176735E-005
   3.2500000000000000       -4.9578253779351055E-005
   3.3000000000000114        1.1303107743945694E-004
   3.3500000000000227        1.0782488828754377E-004
   3.4000000000000341       -7.6096278221366767E-006
   3.4500000000000455        8.0034083656458510E-005
   3.5000000000000000       -7.3918529910719586E-005
   3.5500000000000114        3.3635283461866480E-005
   3.6000000000000227       -2.4378049168273202E-005
   3.6500000000000341        2.3997460456732650E-005
   3.7000000000000455        8.5163885290989087E-005
   3.7500000000000000       -1.8545204795610401E-005
   3.8000000000000114       -7.6972011369740545E-006
   3.8500000000000227        1.0299813438255393E-004
   3.9000000000000341       -5.5851109356439917E-005
   3.9500000000000455        4.1920274742642345E-005
   4.0000000000000000       -6.6200683905153331E-005
   4.0500000000000114        6.7585295135005665E-005
   4.1000000000000227       -5.4146068329929923E-005
   4.1500000000000341       -4.8627603561038591E-005
   4.2000000000000455        2.0873477851862759E-005
   4.2500000000000000       -3.2206423105163789E-005
   4.3000000000000114       -3.9766233895546159E-005
   4.3500000000000227        3.4057385345235433E-005
   4.4000000000000341        5.9519733506813784E-005
   4.4500000000000455        1.1182495552626215E-004
   4.5000000000000000       -4.1314377867521667E-005
   4.5500000000000114       -9.7870514994857248E-005
   4.6000000000000227        4.3207246983399581E-005
   4.6500000000000341        2.2038532328395290E-005
   4.7000000000000455       -4.7743007918145449E-005
   4.7500000000000000       -7.6556917378981797E-005
   4.8000000000000114        1.1505227952558769E-004
   4.8500000000000227       -6.3951747016048586E-005
   4.9000000000000341        2.2858461667525546E-005
   4.9500000000000455       -3.6675393997645717E-005
   5.0000000000000000        1.0205447333622865E-004
