   5.5435121944691038E-002   1.00000005E-03
  0.11087024388938208        1.00000005E-03
  0.16630536583407313        1.00000005E-03
  0.22174048777876415        1.00000005E-03
  0.27717560972345517        1.00000005E-03
  0.33261073166814625        1.00000005E-03
  0.38804585361283728        1.00000005E-03
  0.44348097555752830        1.00000005E-03
  0.49891609750221932        1.00000005E-03
  0.55435121944691035        1.00000005E-03
  0.60978634139160137        1.00000005E-03
  0.66522146333629251        1.00000005E-03
  0.72065658528098353        1.00000005E-03
  0.77609170722567455        1.00000005E-03
  0.83152682917036558        1.00000005E-03
  0.88696195111505660        1.00000005E-03
  0.94239707305974763        1.00000005E-03
  0.99783219500443865        1.00000005E-03
   1.0532673169491296        1.00000005E-03
   1.1087024388938207        1.00000005E-03
   1.1641375608385118        1.00000005E-03
   1.2195726827832027        1.00000005E-03
   1.2750078047278939        1.00000005E-03
   1.3304429266725850        1.00000005E-03
   1.3858780486172759        1.00000005E-03
   1.4413131705619671        1.00000005E-03
   1.4967482925066580        1.00000005E-03
   1.5521834144513491        1.00000005E-03
   1.6076185363960400        1.00000005E-03
   1.6630536583407312        1.00000005E-03
   1.7184887802854221        1.00000005E-03
   1.7739239022301132        1.00000005E-03
   1.8293590241748043        1.00000005E-03
   1.8847941461194953        1.00000005E-03
   1.9402292680641864        1.00000005E-03
   1.9956643900088773        1.00000005E-03
   2.0510995119535682        1.00000005E-03
   2.1065346338982591        1.00000005E-03
   2.1619697558429505        1.00000005E-03
   2.2174048777876414        1.00000005E-03
   2.2728399997323323        1.00000005E-03
   2.3282751216770237        1.00000005E-03
   2.3837102436217146        1.00000005E-03
   2.4391453655664055        1.00000005E-03
   2.4945804875110964        1.00000005E-03
   2.5500156094557878        1.00000005E-03
   2.6054507314004787        1.00000005E-03
   2.6608858533451700        1.00000005E-03
   2.7163209752898609        1.00000005E-03
   2.7717560972345519        1.00000005E-03
   2.8271912191792428        1.00000005E-03
   2.8826263411239341        1.00000005E-03
   2.9380614630686250        1.00000005E-03
   2.9934965850133159        1.00000005E-03
   3.0489317069580069        1.00000005E-03
   3.1043668289026982        1.00000005E-03
   3.1598019508473891        1.00000005E-03
   3.2152370727920800        1.00000005E-03
   3.2706721947367714        1.00000005E-03
   3.3261073166814623        1.00000005E-03
   3.3815424386261532        1.00000005E-03
   3.4369775605708441        1.00000005E-03
   3.4924126825155355        1.00000005E-03
   3.5478478044602264        1.00000005E-03
   3.6032829264049173        1.00000005E-03
   3.6587180483496087        1.00000005E-03
   3.7141531702942996        1.00000005E-03
   3.7695882922389905        1.00000005E-03
   3.8250234141836814        1.00000005E-03
   3.8804585361283728        1.00000005E-03
   3.9358936580730637        1.00000005E-03
   3.9913287800177546        1.00000005E-03
   4.0467639019624464        1.00000005E-03
   4.1021990239071364        1.00000005E-03
   4.1576341458518273        1.00000005E-03
   4.2130692677965182        1.00000005E-03
   4.2685043897412100        1.00000005E-03
   4.3239395116859010        1.00000005E-03
   4.3793746336305919        1.00000005E-03
   4.4348097555752828        1.00000005E-03
   4.4902448775199737        1.00000005E-03
   4.5456799994646646        1.00000005E-03
   4.6011151214093555        1.00000005E-03
   4.6565502433540473        1.00000005E-03
   4.7119853652987382        1.00000005E-03
   4.7674204872434292        1.00000005E-03
   4.8228556091881201        1.00000005E-03
   4.8782907311328110        1.00000005E-03
   4.9337258530775019        1.00000005E-03
   4.9891609750221928        1.00000005E-03
   5.0445960969668846        1.00000005E-03
   5.1000312189115755        1.00000005E-03
   5.1554663408562673        1.00000005E-03
   5.2109014628009573        1.00000005E-03
   5.2663365847456483        1.00000005E-03
   5.3217717066903401        1.00000005E-03
   5.3772068286350301        1.00000005E-03
   5.4326419505797219        1.00000005E-03
   5.4880770725244119        1.00000005E-03
   5.5435121944691037        1.00000005E-03
