   0.0000000000000000        1.0000000000000000     
   9.9833402769097732E-002  0.99500830927988460     
  0.19867177622858945       0.98013218144519221     
  0.29553966650084212       0.95566209401969149     
  0.38949953251543890       0.92206192093301098     
  0.47966776079390050       0.87994105699502834     
  0.56522753416506366       0.83001994671929369     
  0.64543807328907365       0.77309261957846287     
  0.71964013109709624       0.70998976925903823     
  0.78725795142916455       0.64154540028229401     
  0.84779816703103039       0.56856926355978143     
  0.90084628901837349       0.49182639477197460     
  0.94606152753222439       0.41202421275403112     
  0.98317069243803901       0.32980693467289746     
   1.0119618720091319       0.24575656769828630     
   1.0322784971252223       0.16039944026040487     
   1.0440142870415592        7.4217103472933199E-002
   1.0471094541007027       -1.2339587520588918E-002
   1.0415484273048714       -9.8834365604873617E-002
   1.0273592418356368      -0.18482852147641987     
   1.0046146328949606      -0.26986402604556148     
  0.97343476479323610      -0.35344788554039297     
  0.93399141654312290      -0.43503884668950971     
  0.88651333097720841      -0.51403761882742038     
  0.83129231605347054      -0.58978180537791047     
  0.76868956928528331      -0.66154669017423684     
  0.69914158912034507      -0.72855284974318946     
  0.62316495590739374      -0.78998121152190870     
  0.54135922919368573      -0.84499562133540118     
  0.45440723793426541      -0.89277223124053084     
  0.36307215264168230      -0.93253413434442722     
  0.26819093117253862      -0.96358877796043729     
  0.17066401570599204      -0.98536494801979768     
   7.1441502704750318E-002 -0.99744571724827680     
  -2.8493631394758356E-002 -0.99959383421830683     
 -0.12814434084143173      -0.99176666244794098     
 -0.22651921325279784      -0.97411890235509724     
 -0.32265181365239087      -0.94699276901393048     
 -0.41561846214796183      -0.91089679859630901     
 -0.50455342197503783      -0.86647574361669966     
 -0.58866076771804687      -0.81447487479169689     
 -0.66722255582603407      -0.75570232615162258     
 -0.73960327689748140      -0.69099291407271035     
 -0.80525088427226055      -0.62117624640684155     
 -0.86369493377736206      -0.54705108777969458     
 -0.91454252053304330      -0.46936703992148721     
 -0.95747276242762358      -0.38881377557665109     
 -0.99223056982193780      -0.30601741972102098     
  -1.0186203768116657      -0.22154323395402545     
  -1.0365004112533749      -0.13590351480486113     
  -1.0457779660519124       -4.9569521647022177E-002
  -1.0464060152494923        3.7013749172754795E-002
  -1.0383814021705351       0.12341108290985263     
  -1.0217447154038948       0.20917995066107176     
 -0.99658186040276653       0.29385387189194712     
 -0.96302722674037278       0.37692732324193595     
 -0.92126824023674725       0.45784332513059928     
 -0.87155097354976674       0.53598488466901040     
 -0.81418636994847615       0.61067148368960489     
 -0.74955651902625298       0.68116172302161127     
 -0.67812032161339719       0.74666301387268974     
 -0.60041781077888878       0.80634879902999645     
 -0.51707237662089733       0.85938317109999818     
 -0.42879019450001232       0.90495195606681100     
 -0.33635629430137343       0.94229842809946529     
 -0.24062693614900971       0.97076095253859140     
 -0.14251826381298041       0.98980919392787603     
  -4.2991560923112834E-002  0.99907525160175403     
   5.6964208545071129E-002  0.99837632435498880     
  0.15635158905414734       0.98772628908114302     
  0.25418436235656622       0.96733481451044012     
  0.34950656259951496       0.93759411658114378     
  0.44140960913201854       0.89905492789277797     
  0.52904660813411331       0.85239443661594383     
  0.61164318962779418       0.79837966007009509     
  0.68850460559091720       0.73782988088594925     
  0.75901916448457862       0.67158143598934938     
  0.82265837380118656       0.60045744823390368     
  0.87897437781337440       0.52524420684957707     
  0.92759540306058885       0.44667500796344634     
  0.96821996504028962       0.36542148971974214     
   1.0006105619696228       0.28209190976741777     
   1.0245875056011344       0.19723543297554427     
   1.0400234346585766       0.11135130001790887     
   1.0468389395220266        2.4901685414905478E-002
   1.0449996081179731       -6.1672928042916172E-002
   1.0345146880173517      -0.14793698297387720     
   1.0154374495115206      -0.23344277297303337     
  0.98786722687452244      -0.31771413343351984     
  0.95195300670174288      -0.40023199591310121     
  0.90789832008643256      -0.48042295209289104     
  0.85596707850889886      -0.55765201458735025     
  0.79648987441281938      -0.63122075265460742     
  0.72987015418845624      -0.70037186796897621     
  0.65658957676295504      -0.76430100563203951     
  0.57721181309389735      -0.82217612876726209     
  0.49238404103130573      -0.87316411255140147     
  0.40283546532591913      -0.91646337436950676     
  0.30937235632976429      -0.95134044779564153     
  0.21286935298805396      -0.97716757984583424     
  0.11425709905305349      -0.99345786394692326     
   1.4506641213183583E-002 -0.99989428344597575     
  -8.5388634866444227E-002 -0.99634943660110942     
 -0.18443247399692536      -0.98289364116668332     
 -0.28164540370637486      -0.95979044868453167     
 -0.37608332465620742      -0.92748010698706429     
 -0.46685392090884392      -0.88655291946596004     
 -0.55313002342511985      -0.83771551256311394     
 -0.63415939365599161      -0.78175357888135577     
 -0.70927075571360565      -0.71949467389247213     
 -0.77787624383483955      -0.65177418633002460     
 -0.83947070714300209      -0.57940683092145184     
 -0.89362850379777803      -0.50316510909078938     
 -0.93999851678086022      -0.42376531125097250     
 -0.97829814305116214      -0.34186090697146521     
  -1.0083069643238578      -0.25804264188546389     
  -1.0298607218193701      -0.17284433616959854     
  -1.0428461079254974       -8.6753226158124641E-002
  -1.0471967694262374       -2.2365706915809802E-004
  -1.0428907989985159        8.6307033534813019E-002
  -1.0299498781310623       0.17240155234273746     
  -1.0084401254492750       0.25760568412739066     
 -0.97847459701859374       0.34143239990039742     
 -0.94021727604575489       0.42334814994338527     
 -0.89388827587581321       0.50276250184712135     
 -0.83976986224664674       0.57902231553936023     
 -0.77821278245552472       0.65141161417134175     
 -0.70964227961010118       0.71915815721916254     
 -0.63456308406069917       0.78144739911326200     
 -0.55356263035888531       0.83744399036765171     
 -0.46731176719862128       0.88632025178792273     
 -0.37656232750411200       0.92729018083069981     
 -0.28214111544762982       0.95964664594134641     
 -0.18494014207596723       0.98279865211762840     
  -8.5903279216612421E-002  0.99630510099530867     
   1.3990137039234005E-002  0.99990147662772033     
  0.11374388820725839       0.99351644124497229     
  0.21236452331553307       0.97727638587488530     
  0.30888083251226001       0.95149738954706564     
  0.40236192117354069       0.91666554940214184     
  0.49193282673300476       0.87340797759353772     
  0.57678690057540383       0.82245769056087437     
  0.65619452443345161       0.76461601522545641     
  0.72950809055883181       0.70071600160423231     
  0.79616349856047275       0.63158976615326634     
  0.85567867428207933       0.55804186277044809     
  0.90764978032742316       0.48082986939242800     
  0.95174586358752378       0.40065253829362496     
  0.98770268464041777       0.31814518469551190     
   1.0153164162318564       0.23388152038967103     
   1.0344378036657811       0.14838086815994742     
   1.0449672667376522        6.2119579223267052E-002
   1.0468513039485603       -2.4454533694801037E-002
   1.0400804428303831      -0.11090589395823802     
   1.0246888680590696      -0.19679408779033764     
   1.0007557507020424      -0.28165709362079594     
  0.96840819438937997      -0.36499589765279483     
  0.92782560398637703      -0.44626161987711971     
  0.87924516741738801      -0.52484632339600434     
  0.82296802262667257      -0.60007869853194173     
  0.75936556469303063      -0.67122575169843435     
  0.68888524359569347      -0.73750143262225332     
  0.61205512705064280      -0.79808275463133449     
  0.52948647493286904      -0.85213337703092706     
  0.44187361232978722      -0.89883384271032074     
  0.34999051316657659      -0.93741676953838105     
  0.25468372146196344      -0.96720440997419188     
  0.15686153320894622      -0.98764529149237024     
   5.7479711290314733E-002 -0.99834631045968636     
  -4.2475634916300770E-002 -0.99909681200549849     
 -0.14200705778447803      -0.98988189551991013     
 -0.24012549979796122      -0.97088336629507210     
 -0.33586948826630658      -0.94246821891529953     
 -0.42832260648952836      -0.90516602401992585     
 -0.51662825357042541      -0.85963782819660106     
 -0.60000100966075398      -0.80663996280475936     
 -0.67773427965392530      -0.74698639937381017     
 -0.74920424234920402      -0.68151301725443292     
 -0.81387043826795691      -0.61104649069331718     
 -0.87127355758642500      -0.53637963410947098     
 -0.92103112804658049      -0.45825414177764101     
 -0.96283185507333924      -0.37735085839483173     
 -0.99642934745443679      -0.29428710046015971     
  -1.0216358917808881      -0.20962013920116512     
  -1.0383168374624834      -0.12385573464552493     
  -1.0463860382130501       -3.7460532153581194E-002
  -1.0458026770202562        4.9122857279485621E-002
  -1.0365696859685856       0.13545922473646124     
  -1.0187338614389794       0.22110366726191810     
 -0.99238766745850138       0.30558510052758608     
 -0.95767261198248155       0.38839147305174049     
 -0.91478396944280482       0.46895782062690644     
 -0.86397650663262249       0.54665834418872250     
 -0.80557075004093726       0.62080369562259763     
 -0.73995921799333375       0.69064456159632948     
 -0.66761194270644453       0.75538239127788609     
 -0.58908054290534617       0.81418767699937622     
 -0.50500009727369100       0.86622555314436522     
 -0.41608813228545660       0.91068765894970127     
 -0.32314018856002102       0.94682830383114402     
 -0.22702166975314356       0.97400212300302758     
