   0.0000000000000000        0.0000000000000000     
  0.10000000000000001        9.9833402769097732E-002
  0.20000000000000001       0.19867177622858945     
  0.30000000000000004       0.29553966650084212     
  0.40000000000000002       0.38949953251543890     
  0.50000000000000000       0.47966776079390050     
  0.60000000000000009       0.56522753416506366     
  0.70000000000000007       0.64543807328907365     
  0.80000000000000004       0.71964013109709624     
  0.90000000000000002       0.78725795142916455     
   1.0000000000000000       0.84779816703103039     
   1.1000000000000001       0.90084628901837349     
   1.2000000000000002       0.94606152753222439     
   1.3000000000000000       0.98317069243803901     
   1.4000000000000001        1.0119618720091319     
   1.5000000000000000        1.0322784971252223     
   1.6000000000000001        1.0440142870415592     
   1.7000000000000002        1.0471094541007027     
   1.8000000000000000        1.0415484273048714     
   1.9000000000000001        1.0273592418356368     
   2.0000000000000000        1.0046146328949606     
   2.1000000000000001       0.97343476479323610     
   2.2000000000000002       0.93399141654312290     
   2.3000000000000003       0.88651333097720841     
   2.4000000000000004       0.83129231605347054     
   2.5000000000000000       0.76868956928528331     
   2.6000000000000001       0.69914158912034507     
   2.7000000000000002       0.62316495590739374     
   2.8000000000000003       0.54135922919368573     
   2.9000000000000004       0.45440723793426541     
   3.0000000000000000       0.36307215264168230     
   3.1000000000000001       0.26819093117253862     
   3.2000000000000002       0.17066401570599204     
   3.3000000000000003        7.1441502704750318E-002
   3.4000000000000004       -2.8493631394758356E-002
   3.5000000000000000      -0.12814434084143173     
   3.6000000000000001      -0.22651921325279784     
   3.7000000000000002      -0.32265181365239087     
   3.8000000000000003      -0.41561846214796183     
   3.9000000000000004      -0.50455342197503783     
   4.0000000000000000      -0.58866076771804687     
   4.1000000000000005      -0.66722255582603407     
   4.2000000000000002      -0.73960327689748140     
   4.2999999999999998      -0.80525088427226055     
   4.4000000000000004      -0.86369493377736206     
   4.5000000000000000      -0.91454252053304330     
   4.6000000000000005      -0.95747276242762358     
   4.7000000000000002      -0.99223056982193780     
   4.8000000000000007       -1.0186203768116657     
   4.9000000000000004       -1.0365004112533749     
   5.0000000000000000       -1.0457779660519124     
   5.1000000000000005       -1.0464060152494923     
   5.2000000000000002       -1.0383814021705351     
   5.3000000000000007       -1.0217447154038948     
   5.4000000000000004      -0.99658186040276653     
   5.5000000000000000      -0.96302722674037278     
   5.6000000000000005      -0.92126824023674725     
   5.7000000000000002      -0.87155097354976674     
   5.8000000000000007      -0.81418636994847615     
   5.9000000000000004      -0.74955651902625298     
   6.0000000000000000      -0.67812032161339719     
   6.1000000000000005      -0.60041781077888878     
   6.2000000000000002      -0.51707237662089733     
   6.3000000000000007      -0.42879019450001232     
   6.4000000000000004      -0.33635629430137343     
   6.5000000000000000      -0.24062693614900971     
   6.6000000000000005      -0.14251826381298041     
   6.7000000000000002       -4.2991560923112834E-002
   6.8000000000000007        5.6964208545071129E-002
   6.9000000000000004       0.15635158905414734     
   7.0000000000000000       0.25418436235656622     
   7.1000000000000005       0.34950656259951496     
   7.2000000000000002       0.44140960913201854     
   7.3000000000000007       0.52904660813411331     
   7.4000000000000004       0.61164318962779418     
   7.5000000000000000       0.68850460559091720     
   7.6000000000000005       0.75901916448457862     
   7.7000000000000002       0.82265837380118656     
   7.8000000000000007       0.87897437781337440     
   7.9000000000000004       0.92759540306058885     
   8.0000000000000000       0.96821996504028962     
   8.0999999999999996        1.0006105619696228     
   8.2000000000000011        1.0245875056011344     
   8.3000000000000007        1.0400234346585766     
   8.4000000000000004        1.0468389395220266     
   8.5000000000000000        1.0449996081179731     
   8.5999999999999996        1.0345146880173517     
   8.7000000000000011        1.0154374495115206     
   8.8000000000000007       0.98786722687452244     
   8.9000000000000004       0.95195300670174288     
   9.0000000000000000       0.90789832008643256     
   9.0999999999999996       0.85596707850889886     
   9.2000000000000011       0.79648987441281938     
   9.3000000000000007       0.72987015418845624     
   9.4000000000000004       0.65658957676295504     
   9.5000000000000000       0.57721181309389735     
   9.6000000000000014       0.49238404103130573     
   9.7000000000000011       0.40283546532591913     
   9.8000000000000007       0.30937235632976429     
   9.9000000000000004       0.21286935298805396     
   10.000000000000000       0.11425709905305349     
   10.100000000000001        1.4506641213183583E-002
   10.200000000000001       -8.5388634866444227E-002
   10.300000000000001      -0.18443247399692536     
   10.400000000000000      -0.28164540370637486     
   10.500000000000000      -0.37608332465620742     
   10.600000000000001      -0.46685392090884392     
   10.700000000000001      -0.55313002342511985     
   10.800000000000001      -0.63415939365599161     
   10.900000000000000      -0.70927075571360565     
   11.000000000000000      -0.77787624383483955     
   11.100000000000001      -0.83947070714300209     
   11.200000000000001      -0.89362850379777803     
   11.300000000000001      -0.93999851678086022     
   11.400000000000000      -0.97829814305116214     
   11.500000000000000       -1.0083069643238578     
   11.600000000000001       -1.0298607218193701     
   11.700000000000001       -1.0428461079254974     
   11.800000000000001       -1.0471967694262374     
   11.900000000000000       -1.0428907989985159     
   12.000000000000000       -1.0299498781310623     
   12.100000000000001       -1.0084401254492750     
   12.200000000000001      -0.97847459701859374     
   12.300000000000001      -0.94021727604575489     
   12.400000000000000      -0.89388827587581321     
   12.500000000000000      -0.83976986224664674     
   12.600000000000001      -0.77821278245552472     
   12.700000000000001      -0.70964227961010118     
   12.800000000000001      -0.63456308406069917     
   12.900000000000000      -0.55356263035888531     
   13.000000000000000      -0.46731176719862128     
   13.100000000000001      -0.37656232750411200     
   13.200000000000001      -0.28214111544762982     
   13.300000000000001      -0.18494014207596723     
   13.400000000000000       -8.5903279216612421E-002
   13.500000000000000        1.3990137039234005E-002
   13.600000000000001       0.11374388820725839     
   13.700000000000001       0.21236452331553307     
   13.800000000000001       0.30888083251226001     
   13.900000000000000       0.40236192117354069     
   14.000000000000000       0.49193282673300476     
   14.100000000000001       0.57678690057540383     
   14.200000000000001       0.65619452443345161     
   14.300000000000001       0.72950809055883181     
   14.400000000000000       0.79616349856047275     
   14.500000000000000       0.85567867428207933     
   14.600000000000001       0.90764978032742316     
   14.700000000000001       0.95174586358752378     
   14.800000000000001       0.98770268464041777     
   14.900000000000000        1.0153164162318564     
   15.000000000000000        1.0344378036657811     
   15.100000000000001        1.0449672667376522     
   15.200000000000001        1.0468513039485603     
   15.300000000000001        1.0400804428303831     
   15.400000000000000        1.0246888680590696     
   15.500000000000000        1.0007557507020424     
   15.600000000000001       0.96840819438937997     
   15.700000000000001       0.92782560398637703     
   15.800000000000001       0.87924516741738801     
   15.900000000000000       0.82296802262667257     
   16.000000000000000       0.75936556469303063     
   16.100000000000001       0.68888524359569347     
   16.199999999999999       0.61205512705064280     
   16.300000000000001       0.52948647493286904     
   16.400000000000002       0.44187361232978722     
   16.500000000000000       0.34999051316657659     
   16.600000000000001       0.25468372146196344     
   16.699999999999999       0.15686153320894622     
   16.800000000000001        5.7479711290314733E-002
   16.900000000000002       -4.2475634916300770E-002
   17.000000000000000      -0.14200705778447803     
   17.100000000000001      -0.24012549979796122     
   17.199999999999999      -0.33586948826630658     
   17.300000000000001      -0.42832260648952836     
   17.400000000000002      -0.51662825357042541     
   17.500000000000000      -0.60000100966075398     
   17.600000000000001      -0.67773427965392530     
   17.699999999999999      -0.74920424234920402     
   17.800000000000001      -0.81387043826795691     
   17.900000000000002      -0.87127355758642500     
   18.000000000000000      -0.92103112804658049     
   18.100000000000001      -0.96283185507333924     
   18.199999999999999      -0.99642934745443679     
   18.300000000000001       -1.0216358917808881     
   18.400000000000002       -1.0383168374624834     
   18.500000000000000       -1.0463860382130501     
   18.600000000000001       -1.0458026770202562     
   18.699999999999999       -1.0365696859685856     
   18.800000000000001       -1.0187338614389794     
   18.900000000000002      -0.99238766745850138     
   19.000000000000000      -0.95767261198248155     
   19.100000000000001      -0.91478396944280482     
   19.200000000000003      -0.86397650663262249     
   19.300000000000001      -0.80557075004093726     
   19.400000000000002      -0.73995921799333375     
   19.500000000000000      -0.66761194270644453     
   19.600000000000001      -0.58908054290534617     
   19.700000000000003      -0.50500009727369100     
   19.800000000000001      -0.41608813228545660     
   19.900000000000002      -0.32314018856002102     
   20.000000000000000      -0.22702166975314356     
