   0.0000000000000000        0.0000000000000000     
  0.10000000000000001       0.14975023430909087     
  0.20000000000000001       0.29801254996673887     
  0.30000000000000004       0.44334627614830757     
  0.40000000000000002       0.58440092682688716     
  0.50000000000000000       0.71995122193060701     
  0.60000000000000009       0.84892179507954901     
  0.70000000000000007       0.97040064136364546     
  0.80000000000000004        1.0836417364635660     
  0.90000000000000002        1.1880583301721719     
   1.0000000000000000        1.2832090649586503     
   1.1000000000000001        1.3687792928561064     
   1.2000000000000002        1.4445598448248171     
   1.3000000000000000        1.5104251674357465     
   1.4000000000000001        1.5663123027876351     
   1.5000000000000000        1.6122017442871752     
   1.6000000000000001        1.6481008146128675     
   1.7000000000000002        1.6740299126355207     
   1.8000000000000000        1.6900117693604324     
   1.9000000000000001        1.6960637302934214     
   2.0000000000000000        1.6921930266589229     
   2.1000000000000001        1.6783949915793006     
   2.2000000000000002        1.6546542005072598     
   2.3000000000000003        1.6209485494133986     
   2.4000000000000004        1.5772563113984797     
   2.5000000000000000        1.5235662141870505     
   2.6000000000000001        1.4598905383414527     
   2.7000000000000002        1.3862811298051769     
   2.8000000000000003        1.3028480332656900     
   2.9000000000000004        1.2097801738150840     
   3.0000000000000000        1.1073671455605272     
   3.1000000000000001       0.99602073100807276     
   3.2000000000000002       0.87629432812819419     
   3.3000000000000003       0.74889809108839467     
   3.4000000000000004       0.61470741220034886     
   3.5000000000000000       0.47476251096360145     
   3.6000000000000001       0.33025744673826452     
   3.7000000000000002       0.18251785585321426     
   3.8000000000000003        3.2968040996510073E-002
   3.9000000000000004      -0.11691050107975098     
   4.0000000000000000      -0.26562573371370668     
   4.1000000000000005      -0.41172270661781685     
   4.2000000000000002      -0.55382778517144382     
   4.2999999999999998      -0.69068566554823563     
   4.4000000000000004      -0.82118648194374355     
   4.5000000000000000      -0.94438173693205651     
   4.6000000000000005       -1.0594892030943279     
   4.7000000000000002       -1.1658880976070860     
   4.8000000000000007       -1.2631065761030862     
   4.9000000000000004       -1.3508039032636459     
   5.0000000000000000       -1.4287496038107508     
   5.1000000000000005       -1.4968015957904237     
   5.2000000000000002       -1.5548848817235190     
   5.3000000000000007       -1.6029719244109217     
   5.4000000000000004       -1.6410654317953066     
   5.5000000000000000       -1.6691839554568275     
   5.6000000000000005       -1.6873504805699859     
   5.7000000000000002       -1.6955840452446103     
   5.8000000000000007       -1.6938943589145476     
   5.9000000000000004       -1.6822793740844610     
   6.0000000000000000       -1.6607257840518237     
   6.1000000000000005       -1.6292124525611202     
   6.2000000000000002       -1.5877168116154112     
   6.3000000000000007       -1.5362242726426367     
   6.4000000000000004       -1.4747406650166872     
   6.5000000000000000       -1.4033076252844217     
   6.6000000000000005       -1.3220206923616618     
   6.7000000000000002       -1.2310496055513334     
   6.8000000000000007       -1.1306599520097969     
   6.9000000000000004       -1.0212348865019458     
   7.0000000000000000      -0.90329519566337535     
   7.1000000000000005      -0.77751558215868943     
   7.2000000000000002      -0.64473481252831877     
   7.3000000000000007      -0.50595743134587301     
   7.4000000000000004      -0.36234519920747210     
   7.5000000000000000      -0.21519730451234323     
   7.6000000000000005       -6.5919664859370425E-002
   7.7000000000000002        8.4014913348588766E-002
   7.8000000000000007       0.23311259152410477     
   7.9000000000000004       0.37990629191684122     
   8.0000000000000000       0.52300103046081603     
   8.0999999999999996       0.66111279452403038     
   8.2000000000000011       0.79309798834076084     
   8.3000000000000007       0.91797185413558280     
   8.4000000000000004        1.0349157207439508     
   8.5000000000000000        1.1432741598115286     
   8.5999999999999996        1.2425439702494201     
   8.7000000000000011        1.3323573147680570     
   8.8000000000000007        1.4124613496752874     
   8.9000000000000004        1.4826964309493154     
   9.0000000000000000        1.5429745708716183     
   9.0999999999999996        1.5932593685333705     
   9.2000000000000011        1.6335482207856109     
   9.3000000000000007        1.6638572805742127     
   9.4000000000000004        1.6842093824774427     
   9.5000000000000000        1.6946249973631973     
   9.6000000000000014        1.6951161956218466     
   9.7000000000000011        1.6856835731095947     
   9.8000000000000007        1.6663161064688201     
   9.9000000000000004        1.6369939360896391     
   10.000000000000000        1.5976941074675546     
   10.100000000000001        1.5483993169569292     
   10.200000000000001        1.4891096872050291     
   10.300000000000001        1.4198575216001084     
   10.400000000000000        1.3407248373626708     
   10.500000000000000        1.2518632389956239     
   10.600000000000001        1.1535153630277875     
   10.700000000000001        1.0460367144760754     
   10.800000000000001       0.92991626502657676     
   10.900000000000000       0.80579376564734384     
   11.000000000000000       0.67447144776918311     
   11.100000000000001       0.53691777177903344     
   11.200000000000001       0.39426124289411624     
   11.300000000000001       0.24777311206587180     
   11.400000000000000        9.8838975144409674E-002
   11.500000000000000       -5.1079283060993658E-002
   11.600000000000001      -0.20048834825097997     
   11.700000000000001      -0.34791122113573403     
   11.800000000000001      -0.49193345837978109     
   11.900000000000000      -0.63124376767089863     
   12.000000000000000      -0.76466571420474772     
   12.100000000000001      -0.89117862625943889     
   12.200000000000001       -1.0099272445032708     
   12.300000000000001       -1.1202209542948844     
   12.400000000000000       -1.2215243744856381     
   12.500000000000000       -1.3134415740491896     
   12.600000000000001       -1.3956962818793568     
   12.700000000000001       -1.4681102466840887     
   12.800000000000001       -1.5305815180559854     
   12.900000000000000       -1.5830639703441636     
   13.000000000000000       -1.6255489618965706     
   13.100000000000001       -1.6580496635167310     
   13.200000000000001       -1.6805883222921290     
   13.300000000000001       -1.6931865503657384     
   13.400000000000000       -1.6958586306621086     
   13.500000000000000       -1.6886077953535599     
   13.600000000000001       -1.6714254387008749     
   13.700000000000001       -1.6442932548831022     
   13.800000000000001       -1.6071883252705241     
   13.900000000000000       -1.5600912002084848     
   14.000000000000000       -1.5029970092110059     
   14.100000000000001       -1.4359295713022604     
   14.200000000000001       -1.3589583452027674     
   14.300000000000001       -1.2722178413834997     
   14.400000000000000       -1.1759288072746190     
   14.500000000000000       -1.0704201015780404     
   14.600000000000001      -0.95614972693405342     
   14.700000000000001      -0.83372305759732623     
   14.800000000000001      -0.70390597935093580     
   14.900000000000000      -0.56763057493111369     
   15.000000000000000      -0.42599125903998969     
   15.100000000000001      -0.28022996800457639     
   15.200000000000001      -0.13171012664513743     
   15.300000000000001        1.8119484154577120E-002
   15.400000000000000       0.16776839811691510     
   15.500000000000000       0.31575194469233742     
   15.600000000000001       0.46063819538231870     
   15.700000000000001       0.60109011775143883     
   15.800000000000001       0.73589945006886970     
   15.900000000000000       0.86401006996844187     
   16.000000000000000       0.98453008639735795     
   16.100000000000001        1.0967332353932255     
   16.199999999999999        1.2000511845195396     
   16.300000000000001        1.2940589450146127     
   16.400000000000002        1.3784557664552051     
   16.500000000000000        1.4530437362583455     
   16.600000000000001        1.5177059489443914     
   16.699999999999999        1.5723856662165105     
   16.800000000000001        1.6170674499346012     
   16.900000000000002        1.6517608732065123     
   17.000000000000000        1.6764871265389885     
   17.100000000000001        1.6912686401118160     
   17.199999999999999        1.6961217297098510     
   17.300000000000001        1.6910522257797769     
   17.400000000000002        1.6760540433284981     
   17.500000000000000        1.6511106758622585     
   17.600000000000001        1.6161996308829760     
   17.699999999999999        1.5712998495451955     
   17.800000000000001        1.5164021505229925     
   17.900000000000002        1.4515226888425476     
   18.000000000000000        1.3767193052769797     
   18.100000000000001        1.2921104440773417     
   18.199999999999999        1.1978960264950274     
   18.300000000000001        1.0943792889595538     
   18.400000000000002       0.98198815495697289     
   18.500000000000000       0.86129426657494101     
   18.600000000000001       0.73302744741341541     
   18.699999999999999       0.59808322196525299     
   18.800000000000001       0.45752120068461077     
   18.900000000000002       0.31255274381239012     
   19.000000000000000       0.16451735001205037     
   19.100000000000001        1.4848572193271681E-002
   19.200000000000003      -0.13496828212209519     
   19.300000000000001      -0.28344315583688928     
   19.400000000000002      -0.42912868558626394     
   19.500000000000000      -0.57066374428168298     
   19.600000000000001      -0.70680937556026602     
   19.700000000000003      -0.83647458870276437     
   19.800000000000001      -0.95873092254764680     
   19.900000000000002       -1.0728160839474148     
   20.000000000000000       -1.1781280756884998     
