   0.0000000000000000        0.0000000000000000     
  0.10000000000000001       0.19966722194451059     
  0.20000000000000001       0.39735916183854197     
  0.30000000000000004       0.59119659978463834     
  0.40000000000000002       0.77948131492502903     
  0.50000000000000000       0.96076110688327498     
  0.60000000000000009        1.1338699928885070     
  0.70000000000000007        1.2979429794654276     
  0.80000000000000004        1.4524084337453580     
  0.90000000000000002        1.5969633635749234     
   1.0000000000000000        1.7315377272567529     
   1.1000000000000001        1.8562535124546717     
   1.2000000000000002        1.9713832162772138     
   1.3000000000000000        2.0773109805850489     
   1.4000000000000001        2.1744983207749331     
   1.5000000000000000        2.2634553153182004     
   1.6000000000000001        2.3447173561165644     
   1.7000000000000002        2.4188270765295803     
   1.8000000000000000        2.4863208176753071     
   1.9000000000000001        2.5477188986843986     
   2.0000000000000000        2.6035189645209482     
   2.1000000000000001        2.6541917505585073     
   2.2000000000000002        2.7001786948103752     
   2.3000000000000003        2.7418909265636335     
   2.4000000000000004        2.7797092527251999     
   2.5000000000000000        2.8139848448496627     
   2.6000000000000001        2.8450403986336514     
   2.7000000000000002        2.8731715937832689     
   2.8000000000000003        2.8986487268136014     
   2.9000000000000004        2.9217184241778869     
   3.0000000000000000        2.9426053698679233     
   3.1000000000000001        2.9615140018690624     
   3.2000000000000002        2.9786301469750258     
   3.3000000000000003        2.9941225746210467     
   3.4000000000000004        3.0081444585100936     
   3.5000000000000000        3.0208347406243097     
   3.6000000000000001        3.0323193963079840     
   3.7000000000000002        3.0427126019226503     
   3.8000000000000003        3.0521178084472202     
   3.9000000000000004        3.0606287255818656     
   4.0000000000000000        3.0683302216052502     
   4.1000000000000005        3.0752991445735076     
   4.2000000000000002        3.0816050705417286     
   4.2999999999999998        3.0873109844124005     
   4.4000000000000004        3.0924738988269604     
   4.5000000000000000        3.0971454162574927     
   4.6000000000000005        3.1013722391550611     
   4.7000000000000002        3.1051966326901352     
   4.8000000000000007        3.1086568442935785     
   4.9000000000000004        3.1117874838837154     
   5.0000000000000000        3.1146198683526238     
   5.1000000000000005        3.1171823335872411     
   5.2000000000000002        3.1195005170205135     
   5.3000000000000007        3.1215976134459220     
   5.4000000000000004        3.1234946065856071     
   5.5000000000000000        3.1252104786778014     
   5.6000000000000005        3.1267624001427285     
   5.7000000000000002        3.1281659011967169     
   5.8000000000000007        3.1294350271109814     
   5.9000000000000004        3.1305824786533210     
   6.0000000000000000        3.1316197391067200     
   6.1000000000000005        3.1325571891275210     
   6.2000000000000002        3.1334042105863387     
   6.3000000000000007        3.1341692804262817     
   6.4000000000000004        3.1348600554743498     
   6.5000000000000000        3.1354834490522445     
   6.6000000000000005        3.1360457001514184     
   6.7000000000000002        3.1365524358632717     
   6.8000000000000007        3.1370087276882659     
   6.9000000000000004        3.1374191422867352     
   7.0000000000000000        3.1377877871787465     
   7.1000000000000005        3.1381183518499629     
   7.2000000000000002        3.1384141446745897     
   7.3000000000000007        3.1386781260247103     
   7.4000000000000004        3.1389129378972020     
   7.5000000000000000        3.1391209303546210     
   7.6000000000000005        3.1393041850445900     
   7.7000000000000002        3.1394645360330058     
   7.8000000000000007        3.1396035881595212     
   7.9000000000000004        3.1397227330989699     
   8.0000000000000000        3.1398231632894520     
   8.0999999999999996        3.1399058838664593     
   8.2000000000000011        3.1399717227224588     
   8.3000000000000007        3.1400213387926104     
   8.4000000000000004        3.1400552286495311     
   8.5000000000000000        3.1400737314731035     
   8.5999999999999996        3.1400770324450646     
   8.7000000000000011        3.1400651646023467     
   8.8000000000000007        3.1400380091677165     
   8.9000000000000004        3.1399952943610216     
   9.0000000000000000        3.1399365926791503     
   9.0999999999999996        3.1398613166174796     
   9.2000000000000011        3.1397687127899956     
   9.3000000000000007        3.1396578543892457     
   9.4000000000000004        3.1395276319106631     
   9.5000000000000000        3.1393767420484400     
   9.6000000000000014        3.1392036746518341     
   9.7000000000000011        3.1390066976113733     
   9.8000000000000007        3.1387838395237289     
   9.9000000000000004        3.1385328699617885     
   10.000000000000000        3.1382512771525151     
   10.100000000000001        3.1379362428392459     
   10.200000000000001        3.1375846140769301     
   10.300000000000001        3.1371928716781325     
   10.400000000000000        3.1367570949941572     
   10.500000000000000        3.1362729226790140     
   10.600000000000001        3.1357355090438164     
   10.700000000000001        3.1351394755651718     
   10.800000000000001        3.1344788570627475     
   10.900000000000000        3.1337470420080225     
   11.000000000000000        3.1329367063677451     
   11.100000000000001        3.1320397403212183     
   11.200000000000001        3.1310471671196627     
   11.300000000000001        3.1299490532778416     
   11.400000000000000        3.1287344092021829     
   11.500000000000000        3.1273910792649859     
   11.600000000000001        3.1259056202301201     
   11.700000000000001        3.1242631668209953     
   11.800000000000001        3.1224472830955352     
   11.900000000000000        3.1204397981543877     
   12.000000000000000        3.1182206245566135     
   12.100000000000001        3.1157675576505044     
   12.200000000000001        3.1130560538449132     
   12.300000000000001        3.1100589856475156     
   12.400000000000000        3.1067463710798187     
   12.500000000000000        3.1030850748437753     
   12.600000000000001        3.0990384783611495     
   12.700000000000001        3.0945661155343593     
   12.800000000000001        3.0896232707872437     
   12.900000000000000        3.0841605356378849     
   13.000000000000000        3.0781233197366209     
   13.100000000000001        3.0714513119761495     
   13.200000000000001        3.0640778869555203     
   13.300000000000001        3.0559294517681836     
   13.400000000000000        3.0469247278040523     
   13.500000000000000        3.0369739620321026     
   13.600000000000001        3.0259780620990058     
   13.700000000000001        3.0138276495900085     
   13.800000000000001        3.0004020260185724     
   13.900000000000000        2.9855680466337033     
   14.000000000000000        2.9691788980837619     
   14.100000000000001        2.9510727775216128     
   14.200000000000001        2.9310714731037741     
   14.300000000000001        2.9089788493252473     
   14.400000000000000        2.8845792456362642     
   14.500000000000000        2.8576358038217360     
   14.600000000000001        2.8278887493522822     
   14.700000000000001        2.7950536651810194     
   14.800000000000001        2.7588198143158107     
   14.900000000000000        2.7188485912242801     
   15.000000000000000        2.6747722132351606     
   15.100000000000001        2.6261928032643294     
   15.200000000000001        2.5726820661333196     
   15.300000000000001        2.5137818239340630     
   15.400000000000000        2.4490057520464212     
   15.500000000000000        2.3778427456586408     
   15.600000000000001        2.2997624431913182     
   15.700000000000001        2.2142235292956571     
   15.800000000000001        2.1206855201849124     
   15.900000000000000        2.0186247718163801     
   16.000000000000000        1.9075554077849701     
   16.100000000000001        1.7870556856844484     
   16.199999999999999        1.6567999443552008     
   16.300000000000001        1.5165956363715478     
   16.400000000000002        1.3664240099017695     
   16.500000000000000        1.2064817806948747     
   16.600000000000001        1.0372197521538256     
   16.699999999999999       0.85937306584533379     
   16.800000000000001       0.67397700673630501     
   16.900000000000002       0.48236252881493746     
   17.000000000000000       0.28612729683166632     
   17.100000000000001        8.7081131128652650E-002
   17.199999999999999      -0.11283113344970730     
   17.300000000000001      -0.31162214216889861     
   17.400000000000002      -0.50735950387152740     
   17.500000000000000      -0.69825683931757676     
   17.600000000000001      -0.88274833315277124     
   17.699999999999999       -1.0595400653840290     
   17.800000000000001       -1.2276356723675357     
   17.900000000000002       -1.3863379213640736     
   18.000000000000000       -1.5352306979589776     
   18.100000000000001       -1.6741473436741641     
   18.199999999999999       -1.8031313677221390     
   18.300000000000001       -1.9223947053017434     
   18.400000000000002       -2.0322773850741154     
   18.500000000000000       -2.1332110945044587     
   18.600000000000001       -2.2256879405978403     
   18.699999999999999       -2.3102348029049304     
   18.800000000000001       -2.3873930744058574     
   18.900000000000002       -2.4577032388362339     
   19.000000000000000       -2.5216935756681096     
   19.100000000000001       -2.5798722534882756     
   19.200000000000003       -2.6327221176321611     
   19.300000000000001       -2.6806975613281780     
   19.400000000000002       -2.7242229666243771     
   19.500000000000000       -2.7636922972074536     
   19.600000000000001       -2.7994695120441428     
   19.700000000000003       -2.8318895432610631     
   19.800000000000001       -2.8612596432233155     
   19.900000000000002       -2.8878609552309165     
   20.000000000000000       -2.9119502011515190     
   20.100000000000001       -2.9337614093713458     
   20.200000000000003       -2.9535076293367464     
   20.300000000000001       -2.9713825961554852     
   20.400000000000002       -2.9875623214817106     
   20.500000000000000       -3.0022065962461131     
   20.600000000000001       -3.0154603975318097     
   20.700000000000003       -3.0274551966795760     
   20.800000000000001       -3.0383101690305843     
   20.900000000000002       -3.0481333079616011     
   21.000000000000000       -3.0570224473254481     
   21.100000000000001       -3.0650661972958395     
   21.200000000000003       -3.0723447990928787     
   21.300000000000001       -3.0789309042541548     
   21.400000000000002       -3.0848902841054162     
   21.500000000000000       -3.0902824749393778     
   21.600000000000001       -3.0951613641786748     
   21.700000000000003       -3.0995757225134124     
   21.800000000000001       -3.1035696866894731     
   21.900000000000002       -3.1071831972978377     
   22.000000000000000       -3.1104523955894052     
   22.100000000000001       -3.1134099830221125     
   22.200000000000003       -3.1160855469426703     
   22.300000000000001       -3.1185058555170850     
   22.400000000000002       -3.1206951247540071     
   22.500000000000000       -3.1226752602135428     
   22.600000000000001       -3.1244660757614842     
   22.700000000000003       -3.1260854915145018     
   22.800000000000001       -3.1275497129249263     
   22.900000000000002       -3.1288733927734045     
   23.000000000000000       -3.1300697776728783     
   23.100000000000001       -3.1311508405369435     
   23.200000000000003       -3.1321274003285882     
   23.300000000000001       -3.1330092302805497     
   23.400000000000002       -3.1338051556650219     
   23.500000000000000       -3.1345231420872461     
   23.600000000000001       -3.1351703751837099     
   23.700000000000003       -3.1357533325204114     
   23.800000000000001       -3.1362778484091591     
   23.900000000000002       -3.1367491722894028     
   24.000000000000000       -3.1371720212590173     
   24.100000000000001       -3.1375506272791256     
   24.200000000000003       -3.1378887795249115     
   24.300000000000001       -3.1381898623059246     
   24.400000000000002       -3.1384568889351270     
   24.500000000000000       -3.1386925318854564     
   24.600000000000001       -3.1388991495355754     
   24.700000000000003       -3.1390788097723754     
   24.800000000000001       -3.1392333106863828     
   24.900000000000002       -3.1393641985671246     
   25.000000000000000       -3.1394727833785230     
   25.100000000000001       -3.1395601518691603     
   25.200000000000003       -3.1396271784486069     
   25.300000000000001       -3.1396745339386491     
   25.400000000000002       -3.1397026922869848     
   25.500000000000000       -3.1397119353105785     
   25.600000000000001       -3.1397023555161336     
   25.700000000000003       -3.1396738570259175     
   25.800000000000001       -3.1396261546181941     
   25.900000000000002       -3.1395587708726689     
   26.000000000000000       -3.1394710313923757     
   26.100000000000001       -3.1393620580541937     
   26.200000000000003       -3.1392307602204492     
   26.300000000000001       -3.1390758238236591     
   26.400000000000002       -3.1388956982151899     
   26.500000000000000       -3.1386885806462330     
   26.600000000000001       -3.1384523982258119     
   26.700000000000003       -3.1381847871752897     
   26.800000000000001       -3.1378830691718167     
   26.900000000000002       -3.1375442245440306     
   27.000000000000000       -3.1371648620518551     
   27.100000000000001       -3.1367411849480922     
   27.200000000000003       -3.1362689529823373     
   27.300000000000001       -3.1357434399672135     
   27.400000000000002       -3.1351593864825928     
   27.500000000000000       -3.1345109472449466     
   27.600000000000001       -3.1337916326157398     
   27.700000000000003       -3.1329942436643603     
   27.800000000000001       -3.1321108001368763     
   27.900000000000002       -3.1311324606113367     
   28.000000000000000       -3.1300494340426965     
   28.100000000000001       -3.1288508818150484     
   28.200000000000003       -3.1275248093248607     
   28.300000000000001       -3.1260579460155542     
   28.400000000000002       -3.1244356126700534     
   28.500000000000000       -3.1226415746429637     
   28.600000000000001       -3.1206578795767559     
   28.700000000000003       -3.1184646779956848     
   28.800000000000001       -3.1160400250060731     
   28.900000000000002       -3.1133596611509584     
   29.000000000000000       -3.1103967702698800     
   29.100000000000001       -3.1071217119998513     
   29.200000000000003       -3.1035017263205491     
   29.300000000000001       -3.0995006072950053     
   29.400000000000002       -3.0950783428866404     
   29.500000000000000       -3.0901907174450027     
   29.600000000000001       -3.0847888731478390     
   29.700000000000003       -3.0788188263692318     
   29.800000000000001       -3.0722209346176932     
   29.900000000000002       -3.0649293093622814     
   30.000000000000000       -3.0568711697508748     
   30.100000000000001       -3.0479661319398748     
   30.200000000000003       -3.0381254285232986     
   30.300000000000001       -3.0272510524057403     
   30.400000000000002       -3.0152348194556580     
   30.500000000000000       -3.0019573444683978     
   30.600000000000001       -2.9872869254516967     
   30.700000000000003       -2.9710783321413561     
   30.800000000000001       -2.9531714961246678     
   30.900000000000002       -2.9333901022124551     
   31.000000000000000       -2.9115400840475854     
   31.100000000000001       -2.8874080317511233     
   31.200000000000003       -2.8607595261866918     
   31.300000000000001       -2.8313374238145448     
   31.400000000000002       -2.7988601289315049     
   31.500000000000000       -2.7630199073797899     
   31.600000000000001       -2.7234813188129121     
   31.700000000000003       -2.6798798748133366     
   31.800000000000001       -2.6318210692297961     
   31.900000000000002       -2.5788799767648127     
   32.000000000000000       -2.5206016776140894     
   32.100000000000001       -2.4565028406771927     
   32.200000000000003       -2.3860748848795974     
   32.300000000000004       -2.3087892340907259     
   32.399999999999999       -2.2241052780504820     
   32.500000000000000       -2.1314817346786992     
   32.600000000000001       -2.0303921532741249     
   32.700000000000003       -1.9203452658614073     
   32.800000000000004       -1.8009107337778241     
   32.899999999999999       -1.6717504855500995     
   33.000000000000000       -1.5326552357870873     
   33.100000000000001       -1.3835848686666796     
   33.200000000000003       -1.2247101738605422     
   33.300000000000004       -1.0564520473081480     
   33.399999999999999      -0.87951296381973065     
   33.500000000000000      -0.69489468940684052     
   33.600000000000001      -0.50389630890021886     
   33.700000000000003      -0.30808810896761119     
   33.800000000000004      -0.10925979670013181     
   33.899999999999999        9.0654418590763092E-002
   34.000000000000000       0.28966708468239444     
   34.100000000000001       0.48583500143035452     
   34.200000000000003       0.67735152498308393     
   34.300000000000004       0.86262335661387146     
   34.399999999999999        1.0403246533026551     
   34.500000000000000        1.2094255271139778     
   34.600000000000001        1.3691961128548391     
   34.700000000000003        1.5191904506867338     
   34.800000000000004        1.6592160336853734     
   34.899999999999999        1.7892950898344451     
   35.000000000000000        1.9096228964303419     
   35.100000000000001        2.0205271441291255     
   35.200000000000003        2.1224309860458055     
   35.300000000000004        2.2158211882931469     
   35.399999999999999        2.3012218636033270     
   35.500000000000000        2.3791736367578977     
   35.600000000000001        2.4502177183421550     
   35.700000000000003        2.5148841881775867     
   35.800000000000004        2.5736837480113044     
   35.899999999999999        2.6271022418588226     
   36.000000000000000        2.6755973229691237     
   36.100000000000001        2.7195967427701397     
   36.200000000000003        2.7594978336126261     
   36.300000000000004        2.7956678451800059     
   36.399999999999999        2.8284448703540157     
   36.500000000000000        2.8581391592833638     
   36.600000000000001        2.8850346711350534     
   36.700000000000003        2.9093907529954972     
   36.800000000000004        2.9314438663484208     
   36.899999999999999        2.9514093051664716     
   37.000000000000000        2.9694828674162745     
   37.100000000000001        2.9858424549700691     
   37.200000000000003        3.0006495865901166     
   37.300000000000004        3.0140508156449184     
   37.399999999999999        3.0261790491895750     
   37.500000000000000        3.0371547685083828     
   37.600000000000001        3.0470871535684556     
   37.700000000000003        3.0560751153667014     
   37.800000000000004        3.0642082410933296     
   37.899999999999999        3.0715676575510131     
   38.000000000000000        3.0782268184845947     
   38.100000000000001        3.0842522214837964     
   38.200000000000003        3.0897040599882533     
   38.300000000000004        3.0946368156993693     
   38.400000000000006        3.0990997964224278     
   38.500000000000000        3.1031376240502722     
   38.600000000000001        3.1067906770745375     
   38.700000000000003        3.1100954916841070     
   38.800000000000004        3.1130851251915153     
   38.900000000000006        3.1157894852218075     
   39.000000000000000        3.1182356278082053     
   39.100000000000001        3.1204480272666508     
   39.200000000000003        3.1224488204677030     
   39.300000000000004        3.1242580278893883     
   39.400000000000006        3.1258937536180706     
   39.500000000000000        3.1273723662654462     
   39.600000000000001        3.1287086625874641     
   39.700000000000003        3.1299160154243011     
   39.800000000000004        3.1310065074283662     
   39.900000000000006        3.1319910519086145     
   40.000000000000000        3.1328795019931248     
