   0.0000000000000000        2.0000000000000000     
  0.19966722194451059        1.9900414374053890     
  0.39735916183854197        1.9606558174271971     
  0.59119659978463834        1.9132554946045377     
  0.77948131492502903        1.8500144185343987     
  0.96076110688327498        1.7736371488199336     
   1.1338699928885070        1.6871006628609957     
   1.2979429794654276        1.5934101621154690     
   1.4524084337453580        1.4953990780614965     
   1.5969633635749234        1.3955885585859014     
   1.7315377272567529        1.2961078811802957     
   1.8562535124546717        1.1986675223962013     
   1.9713832162772138        1.1045717762206551     
   2.0773109805850489        1.0147570262369248     
   2.1744983207749331       0.92984355165501009     
   2.2634553153182004       0.85019166034397897     
   2.3447173561165644       0.77595597361746260     
   2.4188270765295803       0.70713427546379370     
   2.4863208176753071       0.64360927733928597     
   2.5477188986843986       0.58518295086264971     
   2.6035189645209482       0.53160385936112420     
   2.6541917505585073       0.48258831657637813     
   2.7001786948103752       0.43783634545162259     
   2.7418909265636335       0.39704340234695690     
   2.7797092527251999       0.35990874341465579     
   2.8139848448496627       0.32614118655889834     
   2.8450403986336514       0.29546289222679489     
   2.8731715937832689       0.26761166433104738     
   2.8986487268136014       0.24234216585409413     
   2.9217184241778869       0.21942635424269546     
   2.9426053698679233       0.19865336902758146     
   2.9615140018690624       0.17982904637559513     
   2.9786301469750258       0.16277519022259979     
   2.9941225746210467       0.14732869495437384     
   3.0081444585100936       0.13334058822028830     
   3.0208347406243097       0.12067504259901464     
   3.0323193963079840       0.10920839001658411     
   3.0427126019226503        9.8828161862846042E-002
   3.0521178084472202        8.9432169730435579E-002
   3.0606287255818656        8.0927635885844951E-002
   3.0683302216052502        7.3230378417698153E-002
   3.0752991445735076        6.6264053068053802E-002
   3.0816050705417286        5.9959451717126050E-002
   3.0873109844124005        5.4253856118568082E-002
   3.0924738988269604        4.9090444590700222E-002
   3.0971454162574927        4.4417748824311834E-002
   3.1013722391550611        4.0189157670335970E-002
   3.1051966326901352        3.6362464647385323E-002
   3.1086568442935785        3.2899455906022883E-002
   3.1117874838837154        2.9765535464473296E-002
   3.1146198683526238        2.6929384660837094E-002
   3.1171823335872411        2.4362652929320196E-002
   3.1195005170205135        2.2039677188011163E-002
   3.1215976134459220        1.9937227313122877E-002
   3.1234946065856071        1.8034275362329526E-002
   3.1252104786778014        1.6311786393135418E-002
   3.1267624001427285        1.4752528898036799E-002
   3.1281659011967169        1.3340903044696966E-002
   3.1294350271109814        1.2062785065419225E-002
   3.1305824786533210        1.0905386285425457E-002
   3.1316197391067200        9.8571254138055155E-003
   3.1325571891275210        8.9075128447331908E-003
   3.1334042105863387        8.0470458300757521E-003
   3.1341692804262817        7.2671134883844114E-003
   3.1348600554743498        6.5599107100364979E-003
   3.1354834490522445        5.9183601046217107E-003
   3.1360457001514184        5.3360412151445694E-003
   3.1365524358632717        4.8071262948535575E-003
   3.1370087276882659        4.3263220070854039E-003
   3.1374191422867352        3.8888164669748974E-003
   3.1377877871787465        3.4902310967381269E-003
   3.1381183518499629        3.1265768139637834E-003
   3.1384141446745897        2.7942141153815894E-003
   3.1386781260247103        2.4898166573170803E-003
   3.1389129378972020        2.2103379688563278E-003
   3.1391209303546210        1.9529809649614597E-003
   3.1393041850445900        1.7151699547010221E-003
   3.1394645360330058        1.4945248646569321E-003
   3.1396035881595212        1.2888374196848682E-003
   3.1397227330989699        1.0960490427542407E-003
   3.1398231632894520        9.1423025276893700E-004
   3.1399058838664593        7.4156135424002030E-004
   3.1399717227224588        5.7631422559460102E-004
   3.1400213387926104        4.1683502388803679E-004
   3.1400552286495311        2.6152763285026758E-004
   3.1400737314731035        1.0883768862967943E-004
   3.1400770324450646       -4.2762976624669246E-005
   3.1400651646023467       -1.9479162902250250E-004
   3.1400380091677165       -3.4876981809174124E-004
   3.1399952943610216       -5.0623860480494549E-004
   3.1399365926791503       -6.6877398486841100E-004
   3.1398613166174796       -8.3800266162273893E-004
   3.1397687127899956       -1.0156183264000624E-003
   3.1396578543892457       -1.2033986092586729E-003
   3.1395276319106631       -1.4032228697186994E-003
   3.1393767420484400       -1.6170910055229618E-003
   3.1392036746518341       -1.8471434676247281E-003
   3.1390066976113733       -2.0956826816618253E-003
   3.1387838395237289       -2.3651960902346487E-003
   3.1385328699617885       -2.6583810464993114E-003
   3.1382512771525151       -2.9781718080816415E-003
   3.1379362428392459       -3.3277689012890534E-003
   3.1375846140769301       -3.7106711492556877E-003
   3.1371928716781325       -4.1307106842293408E-003
   3.1367570949941572       -4.5920912939569859E-003
   3.1362729226790140       -5.0994304853338819E-003
   3.1357355090438164       -5.6578056854688424E-003
   3.1351394755651718       -6.2728050414354933E-003
   3.1344788570627475       -6.9505833256103110E-003
   3.1337470420080225       -7.6979235040654063E-003
   3.1329367063677451       -8.5223045814444391E-003
   3.1320397403212183       -9.4319763975985946E-003
   3.1310471671196627       -1.0436042119528241E-002
   3.1299490532778416       -1.1544549247428666E-002
   3.1287344092021829       -1.2768590036469268E-002
   3.1273910792649859       -1.4120412326956815E-002
   3.1259056202301201       -1.5613541875365908E-002
   3.1242631668209953       -1.7262917387969055E-002
   3.1224472830955352       -1.9085039578027433E-002
   3.1204397981543877       -2.1098135697189793E-002
   3.1182206245566135       -2.3322341132223080E-002
   3.1157675576505044       -2.5779899809567269E-002
   3.1130560538449132       -2.8495385312225632E-002
   3.1100589856475156       -3.1495944785422794E-002
   3.1067463710798187       -3.4811567887807947E-002
   3.1030850748437753       -3.8475383231247322E-002
   3.0990384783611495       -4.2523984940491005E-002
   3.0945661155343593       -4.6997792148271059E-002
   3.0896232707872437       -5.1941444412991623E-002
   3.0841605356378849       -5.7404236192628778E-002
   3.0781233197366209       -6.3440593612134402E-002
   3.0714513119761495       -7.0110596797892999E-002
   3.0640778869555203       -7.7480550987479982E-002
   3.0559294517681836       -8.5623609409171589E-002
   3.0469247278040523       -9.4620450499195138E-002
   3.0369739620321026      -0.10456001129833220     
   3.0259780620990058      -0.11554027772514489     
   3.0138276495900085      -0.12766913070180816     
   3.0004020260185724      -0.14106524459724618     
   2.9855680466337033      -0.15585903086693592     
   2.9691788980837619      -0.17219361473285683     
   2.9510727775216128      -0.19022582576493619     
   2.9310714731037741      -0.21012717364965705     
   2.9089788493252473      -0.23208476742541881     
   2.8845792456362642      -0.25630211895968630     
   2.8576358038217360      -0.28299974809935913     
   2.8278887493522822      -0.31241547609818554     
   2.7950536651810194      -0.34480425365828771     
   2.7588198143158107      -0.38043731800110270     
   2.7188485912242801      -0.41960040748330529     
   2.6747722132351606      -0.46259068030101613     
   2.6261928032643294      -0.50971188455055016     
   2.5726820661333196      -0.56126721107708055     
   2.5137818239340630      -0.61754913266235045     
   2.4490057520464212      -0.67882540425252536     
   2.3778427456586408      -0.74532029073979500     
   2.2997624431913182      -0.81719003879281837     
   2.2142235292956571      -0.89449167699286447     
   2.1206855201849124      -0.97714450150862608     
   2.0186247718163801       -1.0648841999069494     
   1.9075554077849701       -1.1572106223567353     
   1.7870556856844484       -1.2533318606279140     
   1.6567999443552008       -1.3521096097148713     
   1.5165956363715478       -1.4520136702854234     
   1.3664240099017695       -1.5510965120476909     
   1.2064817806948747       -1.6470012441862683     
   1.0372197521538256       -1.7370168588800126     
  0.85937306584533379       -1.8181917018683360     
  0.67397700673630501       -1.8875085542808587     
  0.48236252881493746       -1.9421124372811656     
  0.28612729683166632       -1.9795672817841128     
   8.7081131128652650E-002  -1.9981042082861828     
 -0.11283113344970730       -1.9968177818498924     
 -0.31162214216889861       -1.9757714841084573     
 -0.50735950387152740       -1.9359902097992874     
 -0.69825683931757676       -1.8793413961500387     
 -0.88274833315277124       -1.8083296582448762     
  -1.0595400653840290       -1.7258450131131919     
  -1.2276356723675357       -1.6349080757977177     
  -1.3863379213640736       -1.5384480343808635     
  -1.5352306979589776       -1.4391353108546452     
  -1.6741473436741641       -1.3392759966832226     
  -1.8031313677221390       -1.2407634225586137     
  -1.9223947053017434       -1.1450752897663035     
  -2.0322773850741154       -1.0533024038275101     
  -2.1332110945044587      -0.96619590082792994     
  -2.2256879405978403      -0.88422242728282963     
  -2.3102348029049304      -0.80761980907350250     
  -2.3873930744058574      -0.73644856926494717     
  -2.4577032388362339      -0.67063688417088718     
  -2.5216935756681096      -0.61001813551212225     
  -2.5798722534882756      -0.55436120567930325     
  -2.6327221176321611      -0.50339420940596880     
  -2.6806975613281780      -0.45682259570561806     
  -2.7242229666243771      -0.41434260222730845     
  -2.7636922972074536      -0.37565098385013584     
  -2.7994695120441428      -0.34045182477481206     
  -2.8318895432610631      -0.30846111370144641     
  -2.8612596432233155      -0.27940963490590731     
  -2.8878609552309165      -0.25304461417440216     
  -2.9119502011515190      -0.22913046152601180     
  -2.9337614093713458      -0.20744887284861518     
  -2.9535076293367464      -0.18779848860308485     
  -2.9713825961554852      -0.16999425746192801     
  -2.9875623214817106      -0.15386661381851319     
  -3.0022065962461131      -0.13926054834362009     
  -3.0154603975318097      -0.12603462826089543     
  -3.0274551966795760      -0.11406000715728581     
  -3.0383101690305843      -0.10321945163531450     
  -3.0481333079616011       -9.3406402915291717E-002
  -3.0570224473254481       -8.4524084797082968E-002
  -3.0650661972958395       -7.6484664567160049E-002
  -3.0723447990928787       -6.9208470008701506E-002
  -3.0789309042541548       -6.2623263277287788E-002
  -3.0848902841054162       -5.6663570768458453E-002
  -3.0902824749393778       -5.1270067020842053E-002
  -3.0951613641786748       -4.6389010016699130E-002
  -3.0995757225134124       -4.1971724846965361E-002
  -3.1035696866894731       -3.7974132516359844E-002
  -3.1071831972978377       -3.4356320614179432E-002
  -3.1104523955894052       -3.1082152622965764E-002
  -3.1134099830221125       -2.8118912747563084E-002
  -3.1160855469426703       -2.5436983297565770E-002
  -3.1185058555170850       -2.3009551829909377E-002
  -3.1206951247540071       -2.0812345443463505E-002
  -3.1226752602135428       -1.8823389805645505E-002
  -3.1244660757614842       -1.7022790676640774E-002
  -3.1260854915145018       -1.5392535876054429E-002
  -3.1275497129249263       -1.3916315807379495E-002
  -3.1288733927734045       -1.2579360816176414E-002
  -3.1300697776728783       -1.1368293807645813E-002
  -3.1311508405369435       -1.0270996688148413E-002
  -3.1321274003285882       -9.2764893233185115E-003
  -3.1330092302805497       -8.3748198230846563E-003
  -3.1338051556650219       -7.5569650716409455E-003
  -3.1345231420872461       -6.8147405187737745E-003
  -3.1351703751837099       -6.1407183385468042E-003
  -3.1357533325204114       -5.5281531428000245E-003
  -3.1362778484091591       -4.9709145108312348E-003
  -3.1367491722894028       -4.4634256635910918E-003
  -3.1371720212590173       -4.0006076712858860E-003
  -3.1375506272791256       -3.5778286379733121E-003
  -3.1378887795249115       -3.1908573560362440E-003
  -3.1381898623059246       -2.8358209677765154E-003
  -3.1384568889351270       -2.5091662111950087E-003
  -3.1386925318854564       -2.2076238626879629E-003
  -3.1388991495355754       -1.9281760212311624E-003
  -3.1390788097723754       -1.6680259069486163E-003
  -3.1392333106863828       -1.4245698720418579E-003
  -3.1393641985671246       -1.1953713441365827E-003
  -3.1394727833785230       -9.7813644139626080E-004
  -3.1395601518691603       -7.7069101545101926E-004
  -3.1396271784486069       -5.7095889245408588E-004
  -3.1396745339386491       -3.7694109455144187E-004
  -3.1397026922869848       -1.8669583384924680E-004
  -3.1397119353105785        1.6809213143784911E-006
  -3.1397023555161336        1.9007450226511048E-004
  -3.1396738570259175        3.8037040875065555E-004
  -3.1396261546181941        5.7447317938444159E-004
  -3.1395587708726689        7.7432545261542514E-004
  -3.1394710313923757        9.8192740896924200E-004
  -3.1393620580541937        1.1993567891178522E-003
  -3.1392307602204492        1.4287896880913801E-003
  -3.1390758238236591        1.6725223337043474E-003
  -3.1388956982151899        1.9329940671056521E-003
  -3.1386885806462330        2.2128117553741086E-003
  -3.1384523982258119        2.5147758803887805E-003
  -3.1381847871752897        2.8419085649454244E-003
  -3.1378830691718167        3.1974838164331586E-003
  -3.1375442245440306        3.5850602905158667E-003
  -3.1371648620518551        4.0085169023997523E-003
  -3.1367411849480922        4.4720916416528915E-003
  -3.1362689529823373        4.9804239784503688E-003
  -3.1357434399672135        5.5386012848533932E-003
  -3.1351593864825928        6.1522097346328672E-003
  -3.1345109472449466        6.8273901895894683E-003
  -3.1337916326157398        7.5708996297149111E-003
  -3.1329942436643603        8.3901787393298125E-003
  -3.1321108001368763        9.2934263220077803E-003
  -3.1311324606113367        1.0289681284176178E-002
  -3.1300494340426965        1.1388913001327015E-002
  -3.1288508818150484        1.2602120962364743E-002
  -3.1275248093248607        1.3941444677366459E-002
  -3.1260579460155542        1.5420284932554453E-002
  -3.1244356126700534        1.7053437584183637E-002
  -3.1226415746429637        1.8857241200895609E-002
  -3.1206578795767559        2.0849739992374855E-002
  -3.1184646779956848        2.3050863601208525E-002
  -3.1160400250060731        2.5482625484833519E-002
  -3.1133596611509584        2.8169341775152214E-002
  -3.1103967702698800        3.1137872674127223E-002
  -3.1071217119998513        3.4417888623043215E-002
  -3.1035017263205491        3.8042163668773984E-002
  -3.0995006072950053        4.2046898638555694E-002
  -3.0950783428866404        4.6472076919751137E-002
  -3.0901907174450027        5.1361855814545540E-002
  -3.0847888731478390        5.6764996589443222E-002
  -3.0788188263692318        6.2735336448856260E-002
  -3.0722209346176932        6.9332305707234684E-002
  -3.0649293093622814        7.6621493382150754E-002
  -3.0568711697508748        8.4675264236191400E-002
  -3.0479661319398748        9.3573429896436702E-002
  -3.0381254285232986       0.10340397599236612     
  -3.0272510524057403       0.11426384616205199     
  -3.0152348194556580       0.12625978212862740     
  -3.0019573444683978       0.13950921663796076     
  -2.9872869254516967       0.15414121259903441     
  -2.9710783321413561       0.17029743691568724     
  -2.9531714961246678       0.18813315076118078     
  -2.9333901022124551       0.20781818879678066     
  -2.9115400840475854       0.22953788725843283     
  -2.8874080317511233       0.25349390389134480     
  -2.8607595261866918       0.27990485009238936     
  -2.8313374238145448       0.30900662571453819     
  -2.7988601289315049       0.34105230787420060     
  -2.7630199073797899       0.37631139458934909     
  -2.7234813188129121       0.41506813984020435     
  -2.6798798748133366       0.45761863654049206     
  -2.6318210692297961       0.50426620656539956     
  -2.5788799767648127       0.55531454285033732     
  -2.5206016776140894       0.61105792163462147     
  -2.4565028406771927       0.67176767334859222     
  -2.3860748848795974       0.73767398865224232     
  -2.3087892340907259       0.80894207717402389     
  -2.2241052780504820       0.88564174741570145     
  -2.1314817346786992       0.96770972122295373     
  -2.0303921532741249        1.0549045491876401     
  -1.9203452658614073        1.1467549917417574     
  -1.8009107337778241        1.2425043105719882     
  -1.6717504855500995        1.3410551563839141     
  -1.5326552357870873        1.4409225718663601     
  -1.3835848686666796        1.5402057023747582     
  -1.2247101738605422        1.6365913584817238     
  -1.0564520473081480        1.7274033800387869     
 -0.87951296381973065        1.8097092930764620     
 -0.69489468940684052        1.8804887305648421     
 -0.50389630890021886        1.9368562815975523     
 -0.30808810896761119        1.9763165904765512     
 -0.10925979670013181        1.9970156913552506     
   9.0654418590763092E-002   1.9979451491606890     
  0.28966708468239444        1.9790590957110066     
  0.48583500143035452        1.9412796517155706     
  0.67735152498308393        1.8863895723059008     
  0.86262335661387146        1.8168346881808555     
   1.0403246533026551        1.7354750964095473     
   1.2094255271139778        1.6453287123975806     
   1.3691961128548391        1.5493442439914016     
   1.5191904506867338        1.4502271760405419     
   1.6592160336853734        1.3503274011309954     
   1.7892950898344451        1.2515849330304447     
   1.9096228964303419        1.1555226583146645     
   2.0205271441291255        1.0632722438321531     
   2.1224309860458055       0.97561988487768891     
   2.2158211882931469       0.89306102630823081     
   2.3012218636033270       0.81585625328708999     
   2.3791736367578977       0.74408342387073934     
   2.4502177183421550       0.67768341837124024     
   2.5148841881775867       0.61649852001628624     
   2.5736837480113044       0.56030348858253387     
   2.6271022418588226       0.50882997709252842     
   2.6755973229691237       0.46178521002591960     
   2.7195967427701397       0.41886590647187877     
   2.7594978336126261       0.37976838014251130     
   2.7956678451800059       0.34419563933705838     
   2.8284448703540157       0.31186218096287338     
   2.8581391592833638       0.28249704498200839     
   2.8850346711350534       0.25584558008683589     
   2.9093907529954972       0.23167027244427671     
   2.9314438663484208       0.20975090767820970     
   2.9514093051664716       0.18988427062978450     
   2.9694828674162745       0.17188353574254059     
   2.9858424549700691       0.15557746084015778     
   3.0006495865901166       0.14080946638719061     
   3.0140508156449184       0.12743665909746615     
   3.0261790491895750       0.11532884134161084     
   3.0371547685083828       0.10436753486904603     
   3.0470871535684556        9.4445037837179072E-002
   3.0560751153667014        8.5463527198332404E-002
   3.0642082410933296        7.7334213488910314E-002
   3.0715676575510131        6.9976551502115111E-002
   3.0782268184845947        6.3317507830554703E-002
   3.0842522214837964        5.7290884555729601E-002
   3.0897040599882533        5.1836697225695116E-002
   3.0946368156993693        4.6900604542024271E-002
   3.0990997964224278        4.2433386755126298E-002
   3.1031376240502722        3.8390469556228608E-002
   3.1067906770745375        3.4731490191092680E-002
   3.1100954916841070        3.1419902558128675E-002
   3.1130851251915153        2.8422618158060096E-002
   3.1157894852218075        2.5709679909170897E-002
   3.1182356278082053        2.3253966013914180E-002
   3.1204480272666508        2.1030921246873203E-002
   3.1224488204677030        1.9018313222097096E-002
   3.1242580278893883        1.7196011383781462E-002
   3.1258937536180706        1.5545786644209430E-002
   3.1273723662654462        1.4051129764327519E-002
   3.1287086625874641        1.2697086733836668E-002
   3.1299160154243011        1.1470109558493089E-002
   3.1310065074283662        1.0357921002195911E-002
   3.1319910519086145        9.3493919604931818E-003
   3.1328795019931248        8.4344302606971216E-003
