   0.0000000000000000        0.0000000000000000     
  0.10000000000000001       0.24958441755538255     
  0.20000000000000001       0.49671351699618116     
  0.30000000000000004       0.73910451765993745     
  0.40000000000000002       0.97479548561886997     
  0.50000000000000000        1.2022514365355850     
  0.60000000000000009        1.4204202453799859     
  0.70000000000000007        1.6287405879498023     
  0.80000000000000004        1.8271116061506552     
  0.90000000000000002        2.0158374429975372     
   1.0000000000000000        2.1955596112753515     
   1.1000000000000001        2.3671876448831402     
   1.2000000000000002        2.5318350574945940     
   1.3000000000000000        2.6907643459729025     
   1.4000000000000001        2.8453421648689070     
   1.5000000000000000        2.9970039936878985     
   1.6000000000000001        3.1472265141949767     
   1.7000000000000002        3.2975053161957741     
   1.8000000000000000        3.4493352675850382     
   1.9000000000000001        3.6041907798719550     
   2.0000000000000000        3.7635032040534364     
   2.1000000000000001        3.9286327063545792     
   2.2000000000000002        4.1008322741687762     
   2.3000000000000003        4.2812021323250171     
   2.4000000000000004        4.4706340004566592     
   2.5000000000000000        4.6697464856946169     
   2.6000000000000001        4.8788155753864686     
   2.7000000000000002        5.0977075168283266     
   2.8000000000000003        5.3258247697028214     
   2.9000000000000004        5.5620781085470803     
   3.0000000000000000        5.8048979005554893     
   3.1000000000000001        6.0522938245365125     
   3.2000000000000002        6.3019645565112166     
   3.3000000000000003        6.5514486353858290     
   3.4000000000000004        6.7982978790129902     
   3.5000000000000000        7.0402488961960641     
   3.6000000000000001        7.2753687430473066     
   3.7000000000000002        7.5021573979428160     
   3.8000000000000003        7.7195998758477842     
   3.9000000000000004        7.9271708901237465     
   4.0000000000000000        8.1248021565227297     
   4.1000000000000005        8.3128255850748385     
   4.2000000000000002        8.4919051972050301     
   4.2999999999999998        8.6629679754490461     
   4.4000000000000004        8.8271404090181083     
   4.5000000000000000        8.9856942493650447     
   4.6000000000000005        9.1400024388405949     
   4.7000000000000002        9.2915044290377136     
   4.8000000000000007        9.4416790461036086     
   4.9000000000000004        9.5920224913386107     
   5.0000000000000000        9.7440288001342665     
   5.1000000000000005        9.8991699873814927     
   5.2000000000000002        10.058873118474134     
   5.3000000000000007        10.224491670163248     
   5.4000000000000004        10.397268865305096     
   5.5000000000000000        10.578291327401155     
   5.6000000000000005        10.768432598834114     
   5.7000000000000002        10.968287989569443     
   5.8000000000000007        11.178104952165551     
   5.9000000000000004        11.397716533132256     
   6.0000000000000000        11.626488817523512     
   6.1000000000000005        11.863295543622394     
   6.2000000000000002        12.106532770944877     
   6.3000000000000007        12.354182417920029     
   6.4000000000000004        12.603925479975215     
   6.5000000000000000        12.853295340677878     
   6.6000000000000005        13.099851928627517     
   6.7000000000000002        13.341352069478789     
   6.8000000000000007        13.575892386854548     
   6.9000000000000004        13.802008109480981     
   7.0000000000000000        14.018721408524570     
   7.1000000000000005        14.225542839080573     
   7.2000000000000002        14.422436359649122     
   7.3000000000000007        14.609761254554138     
   7.4000000000000004        14.788203657514774     
   7.5000000000000000        14.958707637735406     
   7.6000000000000005        15.122412351767190     
   7.7000000000000002        15.280598556165737     
   7.8000000000000007        15.434645285457128     
   7.9000000000000004        15.585995810847153     
   8.0000000000000000        15.736130979730191     
   8.0999999999999996        15.886547495889971     
   8.2000000000000011        16.038738451634433     
   8.3000000000000007        16.194173337481185     
   8.4000000000000004        16.354274773382247     
   8.5000000000000000        16.520389341543222     
   8.5999999999999996        16.693750240491227     
   8.7000000000000011        16.875430175074829     
   8.8000000000000007        17.066284143548689     
   8.9000000000000004        17.266883765703465     
   9.0000000000000000        17.477447582725947     
   9.0999999999999996        17.697775142170219     
   9.2000000000000011        17.927196010021976     
   9.3000000000000007        18.164546971746681     
   9.4000000000000004        18.408190141707578     
   9.5000000000000000        18.656080324844641     
   9.6000000000000014        18.905881712373052     
   9.7000000000000011        19.155123527421761     
   9.8000000000000007        19.401374780454429     
   9.9000000000000004        19.642413325143885     
   10.000000000000000        19.876365908776204     
   10.100000000000001        20.101803276321331     
   10.200000000000001        20.317784753004382     
   10.300000000000001        20.523856526986954     
   10.400000000000000        20.720014461465986     
   10.500000000000000        20.906644820399123     
   10.600000000000001        21.084455455073481     
   10.700000000000001        21.254407163064727     
   10.800000000000001        21.417651464536014     
   10.900000000000000        21.575477876033307     
   11.000000000000000        21.729271332350955     
   11.100000000000001        21.880478774582272     
   11.200000000000001        22.030582949866577     
   11.300000000000001        22.181080955918709     
   11.400000000000000        22.333464830661075     
   11.500000000000000        22.489201410613116     
   11.600000000000001        22.649708707519199     
   11.700000000000001        22.816326200183614     
   11.800000000000001        22.990276798754834     
   11.900000000000000        23.172618968028914     
   12.000000000000000        23.364188792360288     
   12.100000000000001        23.565533807967352     
   12.200000000000001        23.776843271700109     
   12.300000000000001        23.997882942903022     
   12.400000000000000        24.227945738770693     
   12.500000000000000        24.465831594983253     
   12.600000000000001        24.709869065044241     
   12.700000000000001        24.957986507029435     
   12.800000000000001        25.207832197419798     
   12.900000000000000        25.456932196850783     
   13.000000000000000        25.702865560891148     
   13.100000000000001        25.943431965646013     
   13.200000000000001        26.176788816716602     
   13.300000000000001        26.401542619616663     
   13.400000000000000        26.616789833509696     
   13.500000000000000        26.822112058572330     
   13.600000000000001        27.017536718114709     
   13.700000000000001        27.203476659451148     
   13.800000000000001        27.380661058533871     
   13.900000000000000        27.550067086780949     
   14.000000000000000        27.712858328726831     
   14.100000000000001        27.870332820134589     
   14.200000000000001        28.023881207811339     
   14.300000000000001        28.174953955680856     
   14.400000000000000        28.325035590670286     
   14.500000000000000        28.475623496243262     
   14.600000000000001        28.628208543825682     
   14.700000000000001        28.784254784361398     
   14.800000000000001        28.945175455622376     
   14.900000000000000        29.112302720321164     
   15.000000000000000        29.286848931909415     
   15.100000000000001        29.469857989708068     
   15.200000000000001        29.662146691644047     
   15.300000000000001        29.864238096826519     
   15.400000000000000        30.076291808778084     
   15.500000000000000        30.298039518723744     
   15.600000000000001        30.528737380474407     
   15.700000000000001        30.767148602824264     
   15.800000000000001        31.011568584475327     
   15.900000000000000        31.259899922647264     
   16.000000000000000        31.509775880994489     
   16.100000000000001        31.758720357820582     
   16.199999999999999        32.004323408396225     
   16.300000000000001        32.244407308410636     
   16.400000000000002        32.477160634775778     
   16.500000000000000        32.701225876426136     
   16.600000000000001        32.915736588747535     
   16.699999999999999        33.120309550950587     
   16.800000000000001        33.315003395757394     
   16.900000000000002        33.500257156257867     
   17.000000000000000        33.676820942184889     
   17.100000000000001        33.845687948129189     
   17.199999999999999        34.008033528255737     
   17.300000000000001        34.165164001072426     
   17.400000000000002        34.318475540727775     
   17.500000000000000        34.469421989505214     
   17.600000000000001        34.619489535619962     
   17.699999999999999        34.770175740383131     
   17.800000000000001        34.922970195716800     
   17.900000000000002        35.079334033377165     
   18.000000000000000        35.240675548329449     
   18.100000000000001        35.408319370621598     
   18.199999999999999        35.583467024414240     
   18.300000000000001        35.767147514164520     
   18.400000000000002        35.960157976236751     
   18.500000000000000        36.162996599211326     
   18.600000000000001        36.375792968631693     
   18.699999999999999        36.598244437468367     
   18.800000000000001        36.829570297093476     
   18.900000000000002        37.068497172436665     
   19.000000000000000        37.313287735194891     
   19.100000000000001        37.561819526745317     
   19.200000000000003        37.811711711568051     
   19.300000000000001        38.060487027181949     
   19.400000000000002        38.305747473758480     
   19.500000000000000        38.545338685975977     
   19.600000000000001        38.777480903267737     
   19.700000000000003        39.000852799633670     
   19.800000000000001        39.214624971761872     
   19.900000000000002        39.418449133440376     
   20.000000000000000        39.612414770392732     
