   0.0000000000000000        2.0000000000000000     
  0.19867220808055114        1.9702070564609950     
  0.39341169605844617        1.9215666509425626     
  0.58241383052932250        1.8558093243783389     
  0.76408184910234822        1.7753228257437845     
  0.93708017362812079        1.6828994303419849     
   1.1003618273601232        1.5814776588906454     
   1.2531713291180366        1.4739151783090609     
   1.3950274590018730        1.3628158797827552     
   1.5256918290103458        1.2504191104286082     
   1.6451293502389643        1.1385469537748636     
   1.7534658724816796        1.0285981748450945     
   1.8509469675696515       0.92157480666122216     
   1.9379004398138651       0.81812807073540295     
   2.0147039335149932       0.71861285868538716     
   2.0817580844395129       0.62314310337846790     
   2.1394650428567221       0.53164324858576206     
   2.1882118367893182       0.44389331941350424     
   2.2283578811056053       0.35956672384795979     
   2.2602259075125084       0.27826095666542522     
   2.2840956403344768       0.19952196804651717     
   2.3001996353207281       0.12286324055749002     
   2.3087208087207709        4.7780706627692682E-002
   2.3097912968011447       -2.6235379129009168E-002
   2.3034923943579213       -9.9690563931908852E-002
   2.2898554217938507      -0.17307734574482464     
   2.2688634638614915      -0.24686644587695672     
   2.2404540103488917      -0.32149736077578456     
   2.2045226110576905      -0.39736739517110387     
   2.1609277348576876      -0.47481842764180943     
   2.1094970941833657      -0.55412073217740965     
   2.0500357582314770      -0.63545330665327637     
   1.9823364228343643      -0.71888038319309777     
   1.9061922203448067      -0.80432416758295944     
   1.8214124212601897      -0.89153443123388265     
   1.7278412777529100      -0.98005640826787865     
   1.6253800611615969       -1.0691995511101149     
   1.5140120252016149       -1.1580110255212255     
   1.3938295680507324       -1.2452592275187355     
   1.2650622759059293       -1.3294337779822425     
   1.1281038529329985       -1.4087689301327075     
  0.98353527563413146       -1.4812965314572191     
  0.83214100914677080       -1.5449320747710844     
  0.67491498600088984       -1.5975927127887941     
  0.51305346749432623       -1.6373397657610953     
  0.34793300023813944       -1.6625314064238659     
  0.18107340488788873       -1.6719657619767156     
   1.4087844266272326E-002  -1.6649927187583322     
 -0.15137591532739697       -1.6415756698516948     
 -0.31369741494205888       -1.6022922455943251     
 -0.47134238341702189       -1.5482739031101846     
 -0.62291292937645304       -1.4810951264369048     
 -0.76718489151333724       -1.4026308909675165     
 -0.90313025621269993       -1.3149041276660187     
  -1.0299246696232880       -1.2199430786469749     
  -1.1469418125646134       -1.1196630572822506     
  -1.2537375199869414       -1.0157802977248036     
  -1.3500269670291669      -0.90975921471361865     
  -1.4356581245510724      -0.80278969899389019     
  -1.5105842007901726      -0.69578843374292942     
  -1.5748371304763087      -0.58941740388307473     
  -1.6285035054784869      -0.48411324627435404     
  -1.6717037613393937      -0.38012227331232240     
  -1.7045749879195258      -0.27753742437932483     
  -1.7272574267704377      -0.17633475007033783     
  -1.7398845365421562       -7.6408152741200525E-002
  -1.7425764241310435        2.2398060160216005E-002
  -1.7354364248652061       0.12025869836972961     
  -1.7185506436395113       0.21733886329147187     
  -1.6919903181422764       0.31376624499344047     
  -1.6558169161751362       0.40960408183807440     
  -1.6100899149052836       0.50482455151808137     
  -1.5548772152732351       0.59928274174153295     
  -1.4902681049229938       0.69269187247445252     
  -1.4163885842411312       0.78460109163605152     
  -1.3334187017254766       0.87437789691168477     
  -1.2416113029827447       0.96119795676936093     
  -1.1413112902241824        1.0440456631209243     
  -1.0329741424075538        1.1217289353213558     
 -0.91718210961069158        1.1929113637383333     
 -0.79465624233240995        1.2561635095843315     
 -0.66626233765475951        1.3100329670251085     
 -0.53300906906936529        1.3531297794342851     
 -0.39603707579529179        1.3842204350347918     
 -0.25659862030203856        1.4023206997811015     
 -0.11602849493454639        1.4067758723045165     
   2.4291999513681134E-002   1.3973174166804658     
  0.16297519212005396        1.3740876231914712     
  0.29866786956216129        1.3376285692378045     
  0.43008926718369533        1.2888371777483714     
  0.55606314076323637        1.2288932639912054     
  0.67554171629147686        1.1591709383142368     
  0.78762043207622245        1.0811449474009904     
  0.89154351221919381       0.99630253706219774     
  0.98670134857268055       0.90606881902837777     
   1.0726213027650100       0.81175030259610648     
   1.1489538416101608       0.71449803825769764     
   1.2154559299630423       0.61528928182444376     
   1.2719734070703934       0.51492496639067031     
   1.3184237578271050       0.41403953660060294     
   1.3547803391414648       0.31311966185139317     
   1.3810587909201477       0.21252875138391886     
   1.3973060833906668       0.11253481097075721     
   1.4035924391511514        1.3339828857996922E-002
   1.4000062162505111       -8.4890559204327809E-002
   1.3866517356144326      -0.18199796319754788     
   1.3636499657980234      -0.27780328920997271     
   1.3311419227764816      -0.37208048143883321     
   1.2892945855910010      -0.46453258327615243     
   1.2383090558019716      -0.55477096522869673     
   1.1784305892359495      -0.64229887020773302     
   1.1099599972073857      -0.72650074830299083     
   1.0332657534854888      -0.80663910743527190     
  0.94879596470595706      -0.88186068603080159     
  0.85708918902682441      -0.95121354143530135     
  0.75878295527477135       -1.0136760390420367     
  0.65461878553490704       -1.0681976685029075     
  0.54544260201320383       -1.1137501455179157     
  0.43219963764677594       -1.1493855499957326     
  0.31592337918877966       -1.1742966067196268     
  0.19771862585106920       -1.1878730248720411     
   7.8739380795858724E-002  -1.1897474613666204     
  -3.9837091024492607E-002  -1.1798254069703393     
 -0.15683821780960747       -1.1582951122270835     
 -0.27112400533150277       -1.1256162801094913     
 -0.38161278446165525       -1.0824891312076061     
 -0.48730304832060556       -1.0298079907339712     
 -0.58729011416337451      -0.96860525110160889     
 -0.68077697010453442      -0.89999216808649152     
 -0.76707929730016378      -0.82510248197795943     
 -0.84562519899523658      -0.74504358543009952     
 -0.91595055761977329      -0.66085827653608498     
 -0.97769115824958330      -0.57349842370128112     
  -1.0305727737948847      -0.48381041612944337     
  -1.0744003389370311      -0.39253123293946862     
  -1.1090471895540315      -0.30029336193332890     
  -1.1344451534913214      -0.20763657378295119     
  -1.1505760795792808      -0.11502460197070601     
  -1.1574652059539736       -2.2864978140548678E-002
  -1.1551766063087918        6.8469473018484009E-002
  -1.1438108153108117       0.15861873878156640     
  -1.1235046177970776       0.24721440880940992     
  -1.0944328831476648       0.33386014349679449     
  -1.0568122283550681       0.41811479660882722     
  -1.0109061940952873       0.49947920618975400     
 -0.95703151401897224       0.57738771981872028     
 -0.89556494960492672       0.65120553439960593     
 -0.82695005803759225       0.72023284636797480     
 -0.75170317156171840       0.78371656593962724     
 -0.67041781186824445       0.84086990378732263     
 -0.58376676357206814       0.89089947718302076     
 -0.49250110702614330       0.93303874138077814     
 -0.39744567625555083       0.96658562732577291     
 -0.29949066376591232       0.99094141206030628     
 -0.19957942416492319        1.0056472502404619     
  -9.8692898112566929E-002   1.0104146308263511     
   2.1685626883006376E-003   1.0051464056306176     
  0.10200489585749159       0.98994596977508698     
  0.19983630373941463       0.96511353336867212     
  0.29472222461771974       0.93112997577909784     
  0.38577814461032722       0.88863023440553945     
  0.47218934952400443       0.83836928853338699     
  0.55322105605500704       0.78118438593110839     
  0.62822473209249519       0.71795718139919162     
  0.69664076291984833       0.64957898922754465     
  0.75799790242605292       0.57692155471479900     
  0.81191014248986704       0.50081481228022129     
  0.85807173419827321       0.42203218887389116     
  0.89625111084167941       0.34128325071554788     
  0.92628441294669783       0.25921293785065264     
  0.94806922133796512       0.17640629016282514     
  0.96155898528967032        9.3397408866588497E-002
  0.96675850494390958        1.0681369166666801E-002
  0.96372070079806293       -7.1272150056386971E-002
  0.95254478371070017      -0.15200466981690958     
  0.93337582823371212      -0.23105521164243362     
  0.90640564951680125      -0.30794808514112310     
  0.87187478817320541      -0.38218309103160103     
  0.83007531766203191      -0.45322900590737980     
  0.78135410611700817      -0.52052112863406352     
  0.72611609295422919      -0.58346352922996947     
  0.66482708670694202      -0.64143642179691829     
  0.59801556343677564      -0.69380876471933883     
  0.52627295492203430      -0.73995577233781962     
  0.45025197176501847      -0.77928052570439088     
  0.37066261401176243      -0.81123834730400601     
  0.28826567978084827      -0.83536213270653181     
  0.20386378116921339      -0.85128650196077493     
  0.11829009774198118      -0.85876853081858895     
   3.2395315292968754E-002 -0.85770300361798724     
  -5.2966618028943896E-002 -0.84813060379272631     
 -0.13695316186650147      -0.83023817334727235     
 -0.21874747885867768      -0.80435102471101561     
 -0.29757159523936644      -0.77091814081693544     
 -0.37269778818931143      -0.73049181536965446     
 -0.44345774252536629      -0.68370375969084329     
 -0.50924923346529327      -0.63123988298189426     
 -0.56954030976826764      -0.57381584625151949     
 -0.62387114630257923      -0.51215515297607705     
 -0.67185388811475510      -0.44697105752709460     
 -0.71317090951139417      -0.37895303731169605     
 -0.74757196030787443      -0.30875806498641500     
 -0.77487067272027510      -0.23700648693822954     
 -0.79494086585985757      -0.16428198986585552     
 -0.80771302131439859       -9.1134921354645432E-002
 -0.81317122312435453       -1.8088109089127669E-002
 -0.81135076699862951        5.4355725004157529E-002
 -0.80233655300401419       0.12570585751324553     
 -0.78626228725579372       0.19547563134302115     
 -0.76331043388449593       0.26317551253160670     
 -0.73371278057200517       0.32830787873763467     
 -0.69775141108882111       0.39036418985242483     
 -0.65575981901789060       0.44882506941182571     
 -0.60812385169579797       0.50316366379937183     
 -0.55528214676256538       0.55285243675846985     
 -0.49772572049327007       0.59737329841058529     
 -0.43599639179060196       0.63623067049331672     
 -0.37068378123671253       0.66896677565568574     
 -0.30242071089571149       0.69517814383255117     
 -0.23187694355675090       0.71453209709864918     
 -0.15975133120302931       0.72678185112213456     
  -8.6762578929173245E-002  0.73177889240274763     
  -1.3638956845384756E-002  0.72948147250541229     
   5.8892607130151015E-002  0.71995839346273705     
  0.13011755968543640       0.70338770427906527     
  0.19934437257682494       0.68005042634229673     
  0.26591434014247511       0.65031990400777495     
  0.32921013303141977       0.61464776804298982     
  0.38866283007618602       0.57354775397346214     
  0.44375728047653140       0.52757871100593312     
  0.49403578011652216       0.47732807481403849     
  0.53910016455832266       0.42339688738983833     
  0.57861251634047395       0.36638717224826289     
  0.61229474952444474       0.30689216040878792     
  0.63992736835132213       0.24548955366184749     
  0.66134770144345578       0.18273773775694324     
  0.67644789273543537       0.11917463754102177     
  0.68517289097725809        5.5318745093491828E-002
  0.68751862711697687       -8.3282519262947996E-003
  0.68353050850513897       -7.1277868727173593E-002
  0.67330229517590101      -0.13305088933364809     
  0.65697536008880708      -0.19317372182890113     
  0.63473827513487091      -0.25117561839021407     
  0.60682661053077280      -0.30658726401594572     
  0.57352278947969482      -0.35894114055251053     
  0.53515580530646911      -0.40777394821945911     
  0.49210058743044405      -0.45263121484046609     
  0.44477679818063537      -0.49307404609388283     
  0.39364685673792638      -0.52868777598372840     
  0.33921302049468793      -0.55909207913160464     
  0.28201340727042745      -0.58395192486668834     
  0.22261691137271566      -0.60298861065384635     
  0.16161704734279006      -0.61599003247698791     
   9.9624840128198777E-002 -0.62281935110993025     
   3.7260960694896310E-002 -0.62342130508808813     
  -2.4852627263386218E-002 -0.61782560001878439     
  -8.6101198762876349E-002 -0.60614705195027574     
 -0.14588564832989326      -0.58858245009783905     
 -0.20363040255359535      -0.56540439434849754     
 -0.25879058551749756      -0.53695261819285911     
 -0.31085821941078179      -0.50362349697017728     
 -0.35936731855012388      -0.46585854507894575     
 -0.40389781679209558      -0.42413271870967345     
 -0.44407834710066074      -0.37894327075685641     
 -0.47958796042074209      -0.33079977014157730     
 -0.51015692371043164      -0.28021572265036954     
 -0.53556677117109430      -0.22770203913543605     
 -0.55564979788255253      -0.17376241096015060     
 -0.57028818257850500      -0.11889048787951662     
 -0.57941290885176422       -6.3568619906351403E-002
 -0.58300262501727407       -8.2678263452607495E-003
 -0.58108254574066498        4.6551407865334536E-002
 -0.57372345678729808       0.10043793848629121     
 -0.56104084098873586       0.15294880151328266     
 -0.54319410155511261       0.20364849058559992     
 -0.52038582069180717       0.25210902718516315     
 -0.49286095939891067       0.29791110678462840     
 -0.46090588045388181       0.34064651217288389     
 -0.42484706279792633       0.37992187571163960     
 -0.38504937341937251       0.41536374961814071     
 -0.34191377335200612       0.44662481435626200     
 -0.29587435776201532       0.47339092941935285     
 -0.24739466538363378       0.49538862008420037     
 -0.19696323762429208       0.51239251108342221     
 -0.14508845906391937       0.52423217573733372     
  -9.2292764310634184E-002  0.53079787592456806     
  -3.9106346086027234E-002  0.53204472803091885     
   1.3939459195749737E-002  0.52799493951454202     
   6.6318903731969386E-002  0.51873790958514110     
  0.11751846172313289       0.50442815924441819     
  0.16704315237141804       0.48528123043010418     
  0.21442236304024290       0.46156785068008443     
  0.25921501918612749       0.43360678095907201     
  0.30101399355294395       0.40175683808823587     
  0.33944969777338369       0.36640860474651249     
  0.37419284978719253       0.32797631161523361     
  0.40495645574077649       0.28689030620328160     
  0.43149708169930706       0.24359042336003389     
  0.45361551630929026       0.19852045708381869     
  0.47115693957163823       0.15212381495069738     
  0.48401071539774532       0.10484032614807809     
  0.49210991783826091        5.7104079589550966E-002
  0.49543068464665208        9.3420947778183883E-003
  0.49399146936913230       -3.8026422769364104E-002
  0.48785223676434103       -8.4590517280744348E-002
  0.47711361834191890      -0.12994789060099582     
  0.46191601733498799      -0.17370554740536859     
  0.44243862748151330      -0.21548090832986264     
  0.41889830937782574      -0.25490357007351305     
  0.39154825344492705      -0.29161782574508444     
  0.36067635098324485      -0.32528598199061975     
  0.32660319527056120      -0.35559242612343650     
  0.28967964356901410      -0.38224831218549837     
  0.25028388801923457      -0.40499665633988730     
  0.20881800776718118      -0.42361756667441669     
  0.16570400459819384      -0.43793328774731405     
  0.12137935746085070      -0.44781272224726737     
   7.6292164650916150E-002 -0.45317510491139829     
   3.0895972955663098E-002 -0.45399254803119454     
  -1.4355582286707129E-002 -0.45029125035910617     
  -5.9014185994629195E-002 -0.44215125515196901     
 -0.10264215459983300      -0.42970474861166980     
 -0.14481750779117697      -0.41313299562241440     
 -0.18513867332687881      -0.39266210398263901     
 -0.22322872048490344      -0.36855788154171787     
 -0.25873904668223324      -0.34112009607851679     
 -0.29135247377082713      -0.31067646250021513     
 -0.32078574246023689      -0.27757666695619160     
 -0.34679142244078814      -0.24218669701117421     
 -0.36915927985381131      -0.20488368766129700     
 -0.38771716126498063      -0.16605142238220996     
 -0.40233146350794713      -0.12607655424916486     
 -0.41290726167317743       -8.5345541277414450E-002
 -0.41938816373045812       -4.4242227908644446E-002
 -0.42175595086369511       -3.1459548272160520E-003
 -0.42003004893746443        3.7569955690157378E-002
 -0.41426686014122260        7.7539510922610105E-002
 -0.40455896634965832       0.11640533089760763     
 -0.39103419863489203       0.15382006774720380     
 -0.37385455209870611       0.18944810033981010     
 -0.35321491302914959       0.22296760658991507     
 -0.32934155737973320       0.25407306985408440     
 -0.30249037650409788       0.28247822355371011     
 -0.27294478840517100       0.30791938325977208     
 -0.24101330053312919       0.33015906213445811     
 -0.20702670300785470       0.34898971841612464     
 -0.17133488820534604       0.36423744712860018     
 -0.13430331265325321       0.37576540646680812     
  -9.6309138489258150E-002  0.38347676536122033     
  -5.7737112484580425E-002  0.38731697394479569     
  -1.8975258919306556E-002  0.38727519242773639     
   1.9589523319924008E-002  0.38338476348855294     
   5.7575860529053079E-002  0.37572267404534976     
   9.4612199835198474E-002  0.36440801810425505     
  0.13034090409870031       0.34959953658884640     
  0.16442205995139769       0.33149236619667993     
  0.19653692832509939       0.31031417208159540     
  0.22639098574419508       0.28632086496214698     
  0.25371652523946758       0.25979211065624574     
  0.27827480616274525       0.23102682970497476     
  0.29985776078130605       0.20033885915667102     
  0.31828928096236070       0.16805291152153751     
  0.33342611959536966       0.13450092185715271     
  0.34515844817498958       0.10001882748975421     
  0.35341011415445239        6.4943780218481878E-002
  0.35813863963945625        2.9611751484227705E-002
  0.35933499739388075       -5.6445404706862712E-003
  0.35702319185475445       -4.0497474260676680E-002
  0.35125966291679167       -7.4626243991910104E-002
  0.34213251970679054      -0.10771855777590991     
  0.32976060146541042      -0.13947241166781360     
  0.31429235394973309      -0.16959801617512629     
  0.29590450329586826      -0.19781992657850281     
  0.27480050569128811      -0.22387939688531214     
  0.25120875093670897      -0.24753694269218093     
  0.22538050120562264      -0.26857506328949837     
  0.19758755293036295      -0.28680104092888420     
  0.16811961935588582      -0.30204970823232152     
  0.13728144322163105      -0.31418605593536197     
  0.10538966232975051      -0.32310754466041697     
   7.2769464333207232E-002 -0.32874598749483908     
   3.9751079752557768E-002 -0.33106888500182546     
   6.6661728684474300E-003 -0.33008011991151892     
  -2.6155802238585990E-002 -0.32581995294108973     
  -5.8391209325662274E-002 -0.31836430081951195     
  -8.9725730301347367E-002 -0.30782331887015818     
 -0.11985769143419657      -0.29433934949344542     
 -0.14850115652521242      -0.27808433097260687     
 -0.17538873885296247      -0.25925678532789431     
 -0.20027409635058849      -0.23807851765795698     
 -0.22293408793615266      -0.21479116192917083     
 -0.24317058209224945      -0.18965270008353019     
 -0.26081192068827946      -0.16293406421804676     
 -0.27571405086725187      -0.13491590775258819     
 -0.28776134503996154      -0.10588560365396603     
 -0.29686713338117349       -7.6134498702263062E-002
 -0.30297397471355014       -4.5955425055332802E-002
 -0.30605369054408044       -1.5640446180354914E-002
 -0.30610718372755574        1.4521204742620853E-002
 -0.30316405835523741        4.4245048460091932E-002
 -0.29728205167147331        7.3253205552626030E-002
 -0.28854628280401401       0.10127622359085670     
 -0.27706831753305705       0.12805493674671484     
 -0.26298504383349647       0.15334239560966026     
 -0.24645735001503483       0.17690588702929400     
 -0.22766859632912223       0.19852904292694643     
 -0.20682287211884354       0.21801401494833456     
 -0.18414303398267062       0.23518367046923183     
 -0.15986852583785718       0.24988374673844335     
 -0.13425298884959341       0.26198488563816430     
 -0.10756167741776920       0.27138446315159181     
  -8.0068706137258236E-002  0.27800812617368581     
  -5.2054161150254102E-002  0.28181095519581673     
  -2.3801116863744493E-002  0.28277818435412910     
   4.4073950507705247E-003  0.28092542936188497     
   3.2291413655337768E-002  0.27629839732375866     
   5.9577021702796149E-002  0.26897207826249669     
   8.5999212800071945E-002  0.25904944404410157     
  0.11130460579962330       0.24665970396099024     
  0.13525396537355128       0.23195618550373209     
  0.15762449530357853       0.21511392230508755     
  0.17821187961412058       0.19632703800768497     
  0.19683205560247130       0.17580601472499588     
  0.21332271141483211       0.15377492833952150     
  0.22754450849429511       0.13046872117627994     
  0.23938203552944956       0.10613056706503815     
  0.24874450516084703        8.1009366135571775E-002
  0.25556620752846138        5.5357388583869585E-002
  0.25980673580361080        2.9428069688689724E-002
  0.26145099832796392        3.4739438918127488E-003
  0.26050903018366101       -2.2255305191729337E-002
  0.25701561433062803       -4.7514708726731740E-002
  0.25102971930666829       -7.2065822738748730E-002
  0.24263375734184905       -9.5678514324958899E-002
  0.23193266401788115      -0.11813274778360225     
  0.21905279867929242      -0.13922038485947116     
  0.20414066396994646      -0.15874700125104849     
  0.18736144331803264      -0.17653370811594085     
  0.16889735700035294      -0.19241895376628904     
  0.14894584053328797      -0.20626026832032487     
  0.12771755339062868      -0.21793590396490378     
  0.10543423115272924      -0.22734631671819427     
   8.2326399771630018E-002 -0.23441543292948536     
   5.8630976257495387E-002 -0.23909164563170124     
   3.4588785295870575E-002 -0.24134849227980493     
   1.0442025656506197E-002 -0.24118497594409563     
  -1.3568276620980188E-002 -0.23862550585939013     
  -3.7204789656030475E-002 -0.23371944921129204     
  -6.0236333188126115E-002 -0.22654030281201615     
  -8.2440235170555862E-002 -0.21718450945789555     
 -0.10360455380690041      -0.20576995793257297     
 -0.12353013582061138      -0.19243421671374150     
 -0.14203248715005959      -0.17733255868145217     
 -0.15894343817732115      -0.16063583713581270     
 -0.17411259160422315      -0.14252827224869671     
 -0.18740854678249827      -0.12320520211664167     
 -0.19871989934312759      -0.10287084457958717     
 -0.20795601909439068       -8.1736105865641437E-002
 -0.21504761221065896       -6.0016460965790872E-002
 -0.21994707566240923       -3.7929919487407981E-002
 -0.22262865269173307       -1.5695080546717720E-002
 -0.22308839805528075        6.4707281556615273E-003
 -0.22134396094717207        2.8353237976760481E-002
 -0.21743419223525332        4.9742967901408905E-002
 -0.21141858117669735        7.0436908705774209E-002
 -0.20337652540493673        9.0240175095370800E-002
 -0.19340643695823379       0.10896763350831544     
 -0.18162468666686676       0.12644550669759647     
 -0.16816438948732859       0.14251294840893902     
 -0.15317403445243694       0.15702357321899466     
 -0.13681596480098604       0.16984691870056401     
 -0.11926471648425666       0.18086981032667152     
 -0.10070522646880539       0.18999759461847041     
  -8.1330925851338123E-002  0.19715520354041116     
  -6.1341736511999992E-002  0.20228801340436536     
  -4.0941993573384780E-002  0.20536246467429406     
  -2.0338319022100391E-002  0.20636641491531610     
   2.6252576627055352E-004  0.20530920530280106     
   2.0655779381974642E-002  0.20222143097671538     
   4.0640781962574660E-002  0.19715441631303293     
   6.0023010000477398E-002  0.19017940702573399     
   7.8616017079303768E-002  0.18138650105441795     
   9.6243255877086556E-002  0.17088334867096638     
  0.11273976015342617       0.15879365855735061     
  0.12795366932401472       0.14525555038795268     
  0.14174758235693508       0.13041979556157485     
  0.15399973183756294       0.11444798628280271     
  0.16460497290186199        9.7510669519289009E-002
  0.17347558513245362        7.9785476961579671E-002
  0.18054188830534337        6.1455275597942026E-002
  0.18575267498907197        4.2706356548918439E-002
  0.18907546441967302        2.3726673032117094E-002
  0.19049658285326296        4.7041323268745966E-003
  0.19002107583525105       -1.4175058148978070E-002
  0.18767245766318466       -3.2727993720872497E-002
  0.18349230292670224       -5.0776628801005599E-002
  0.17753968456010716       -6.8149290862863116E-002
  0.16989046251175191       -8.4682154251908268E-002
  0.16063642707015538      -0.10022067271604988     
  0.14988430120687815      -0.11462096524543490     
  0.13775460707514389      -0.12775114501018150     
