   0.0000000000000000        0.0000000000000000     
  0.10000000000000001       0.24834064634124775     
  0.20000000000000001       0.49177885365752155     
  0.30000000000000004       0.72812238416448460     
  0.40000000000000002       0.95552651737218097     
  0.50000000000000000        1.1725798058805543     
  0.60000000000000009        1.3783388852610694     
  0.70000000000000007        1.5723182233008437     
  0.80000000000000004        1.7544465716968189     
  0.90000000000000002        1.9250037150265202     
   1.0000000000000000        2.0845497808814679     
   1.1000000000000001        2.2338563354513825     
   1.2000000000000002        2.3738450563041846     
   1.3000000000000000        2.5055367894842169     
   1.4000000000000001        2.6300116146023629     
   1.5000000000000000        2.7483791723030979     
   1.6000000000000001        2.8617577955398508     
   1.7000000000000002        2.9712607251959771     
   1.8000000000000000        3.0779876985859764     
   1.9000000000000001        3.1830203389924905     
   2.0000000000000000        3.2874199549927354     
   2.1000000000000001        3.3922265267507643     
   2.2000000000000002        3.4984577862915449     
   2.3000000000000003        3.6071073817148265     
   2.4000000000000004        3.7191411556964518     
   2.5000000000000000        3.8354905811458280     
   2.6000000000000001        3.9570424067362344     
   2.7000000000000002        4.0846236096345239     
   2.8000000000000003        4.2189808836615006     
   2.9000000000000004        4.3607541736707089     
   3.0000000000000000        4.5104442745075657     
   3.1000000000000001        4.6683753111381332     
   3.2000000000000002        4.8346540336667383     
   3.3000000000000003        5.0091292440328852     
   3.4000000000000004        5.1913561369089614     
   3.5000000000000000        5.3805715410301511     
   3.6000000000000001        5.5756865068926222     
   3.7000000000000002        5.7753018988153979     
   3.8000000000000003        5.9777502995576466     
   3.9000000000000004        6.1811637421473380     
   4.0000000000000000        6.3835622374115717     
   4.1000000000000005        6.5829539271829915     
   4.2000000000000002        6.7774352071755199     
   4.2999999999999998        6.9652791421894271     
   4.4000000000000004        7.1450029464735163     
   4.5000000000000000        7.3154094221211459     
   4.6000000000000005        7.4756017962731640     
   4.7000000000000002        7.6249752085825353     
   4.8000000000000007        7.7631904740381295     
   4.9000000000000004        7.8901365565979154     
   5.0000000000000000        8.0058877457211945     
   5.1000000000000005        8.1106603337655265     
   5.2000000000000002        8.2047721314275357     
   5.3000000000000007        8.2886067790207782     
   5.4000000000000004        8.3625837002107879     
   5.5000000000000000        8.4271337580511627     
   5.6000000000000005        8.4826801855031508     
   5.7000000000000002        8.5296241114650275     
   5.8000000000000007        8.5683339187677650     
   5.9000000000000004        8.5991376914029019     
   6.0000000000000000        8.6223180878576056     
   6.1000000000000005        8.6381090839699759     
   6.2000000000000002        8.6466941424837085     
   6.3000000000000007        8.6482054767369068     
   6.4000000000000004        8.6427241779674642     
   6.5000000000000000        8.6302810686008122     
   6.6000000000000005        8.6108582287195183     
   6.7000000000000002        8.5843912217077207     
   6.8000000000000007        8.5507721198707269     
   6.9000000000000004        8.5098535030552771     
   7.0000000000000000        8.4614536730166368     
   7.1000000000000005        8.4053633914764792     
   7.2000000000000002        8.3413545054547562     
   7.3000000000000007        8.2691908604284130     
   7.4000000000000004        8.1886419059397255     
   7.5000000000000000        8.0994993494256509     
   7.6000000000000005        8.0015970868122892     
   7.7000000000000002        7.8948344043214629     
   7.8000000000000007        7.7792020791302186     
   7.9000000000000004        7.6548104939592925     
   8.0000000000000000        7.5219182368344422     
   8.0999999999999996        7.3809589414475241     
   8.2000000000000011        7.2325634537393917     
   8.3000000000000007        7.0775739638897575     
   8.4000000000000004        6.9170467321258640     
   8.5000000000000000        6.7522406521686955     
   8.5999999999999996        6.5845902240881040     
   8.7000000000000011        6.4156634504126240     
   8.8000000000000007        6.2471074071856121     
   8.9000000000000004        6.0805862867263567     
   9.0000000000000000        5.9177180420339246     
   9.0999999999999996        5.7600160170542463     
   9.2000000000000011        5.6088410498757755     
   9.3000000000000007        5.4653677383996850     
   9.4000000000000004        5.3305663352241268     
   9.5000000000000000        5.2051996133991967     
   9.6000000000000014        5.0898324212788735     
   9.7000000000000011        4.9848507166640275     
   9.8000000000000007        4.8904866231350663     
   9.9000000000000004        4.8068463284920036     
   10.000000000000000        4.7339382345979599     
   10.100000000000001        4.6716994719984042     
   10.200000000000001        4.6200195662664969     
   10.300000000000001        4.5787606022769456     
   10.400000000000000        4.5477736455581566     
   10.500000000000000        4.5269114497055289     
   10.600000000000001        4.5160376277731942     
   10.700000000000001        4.5150325228241854     
   10.800000000000001        4.5237960074116241     
   10.900000000000000        4.5422473991565431     
   11.000000000000000        4.5703226210518304     
   11.100000000000001        4.6079686785114173     
   11.200000000000001        4.6551354862709182     
   11.300000000000001        4.7117650719401567     
   11.400000000000000        4.7777782239499045     
   11.500000000000000        4.8530587536936407     
   11.600000000000001        4.9374357159045275     
   11.700000000000001        5.0306641821190370     
   11.800000000000001        5.1324054815499069     
   11.900000000000000        5.2422081850583373     
   12.000000000000000        5.3594914600987149     
   12.100000000000001        5.4835326910287110     
   12.200000000000001        5.6134613454450069     
   12.300000000000001        5.7482608792175274     
   12.400000000000000        5.8867799467575832     
   12.500000000000000        6.0277533186734962     
   12.600000000000001        6.1698317949321666     
   12.700000000000001        6.3116192159826392     
   12.800000000000001        6.4517136514399471     
   12.900000000000000        6.5887492142159489     
   13.000000000000000        6.7214348582917092     
   13.100000000000001        6.8485869930138037     
   13.200000000000001        6.9691536719349809     
   13.300000000000001        7.0822292786829237     
   13.400000000000000        7.1870597959302343     
   13.500000000000000        7.2830397051590721     
   13.600000000000001        7.3697022061893058     
   13.700000000000001        7.4467047401128932     
   13.800000000000001        7.5138117943576583     
   13.900000000000000        7.5708767517710429     
   14.000000000000000        7.6178242132671601     
   14.100000000000001        7.6546338583217866     
   14.200000000000001        7.6813265674575399     
   14.300000000000001        7.6979532480511343     
   14.400000000000000        7.7045865901189510     
   14.500000000000000        7.7013158280280409     
   14.600000000000001        7.6882444843146400     
   14.700000000000001        7.6654910058024806     
   14.800000000000001        7.6331921518333887     
   14.900000000000000        7.5915089424563416     
   15.000000000000000        7.5406349059883695     
   15.100000000000001        7.4808062691817776     
   15.200000000000001        7.4123136032523762     
   15.300000000000001        7.3355142765250720     
   15.400000000000000        7.2508448804320071     
   15.500000000000000        7.1588326127141757     
   15.600000000000001        7.0601044546114897     
   15.700000000000001        6.9553929116009812     
   15.800000000000001        6.8455371462866230     
   15.900000000000000        6.7314785548289331     
   16.000000000000000        6.6142502392782134     
   16.100000000000001        6.4949603860006544     
   16.199999999999999        6.3747702119838703     
   16.300000000000001        6.2548677872132048     
   16.400000000000002        6.1364395668712719     
   16.500000000000000        6.0206417681192876     
   16.600000000000001        5.9085737399260303     
   16.699999999999999        5.8012551977520745     
   16.800000000000001        5.6996086854394425     
   16.900000000000002        5.6044479854175142     
   17.000000000000000        5.5164725413262330     
   17.100000000000001        5.4362673862740625     
   17.199999999999999        5.3643076525967066     
   17.300000000000001        5.3009665009291176     
   17.400000000000002        5.2465252367677087     
   17.500000000000000        5.2011844463289059     
   17.600000000000001        5.1650751351335549     
   17.699999999999999        5.1382690486989109     
   17.800000000000001        5.1207875602658133     
   17.900000000000002        5.1126087027462157     
   18.000000000000000        5.1136720896566912     
   18.100000000000001        5.1238816105832914     
   18.199999999999999        5.1431059049243411     
   18.300000000000001        5.1711767209697275     
   18.400000000000002        5.2078853644341709     
   18.500000000000000        5.2529775388234325     
   18.600000000000001        5.3061469839382616     
   18.699999999999999        5.3670284283273650     
   18.800000000000001        5.4351904807512019     
   18.900000000000002        5.5101291825318208     
   19.000000000000000        5.5912630089811319     
   19.100000000000001        5.6779301220001379     
   19.200000000000003        5.7693886155229510     
   19.300000000000001        5.8648203444323812     
   19.400000000000002        5.9633386815242959     
   19.500000000000000        6.0640002189973430     
   19.600000000000001        6.1658200533302487     
   19.700000000000003        6.2677899146773823     
   19.800000000000001        6.3688980820487622     
   19.900000000000002        6.4681498177389880     
   20.000000000000000        6.5645869960116601     
   20.100000000000001        6.6573057026180020     
   20.200000000000003        6.7454708245426236     
   20.300000000000001        6.8283269901140269     
   20.400000000000002        6.9052056014717467     
   20.500000000000000        6.9755280673374669     
   20.600000000000001        7.0388056484082480     
   20.700000000000003        7.0946365429183009     
   20.800000000000001        7.1427009578153164     
   20.900000000000002        7.1827549394467676     
   21.000000000000000        7.2146236947856499     
   21.100000000000001        7.2381950422466304     
   21.200000000000003        7.2534135112858333     
   21.300000000000001        7.2602754793244912     
   21.400000000000002        7.2588256047114079     
   21.500000000000000        7.2491546917560852     
   21.600000000000001        7.2313990104114847     
   21.700000000000003        7.2057409883578609     
   21.800000000000001        7.1724110953777593     
   21.900000000000002        7.1316906478304016     
   22.000000000000000        7.0839151752902261     
   22.100000000000001        7.0294779152125280     
   22.200000000000003        6.9688329410571113     
   22.300000000000001        6.9024973935883613     
   22.400000000000002        6.8310522846125661     
   22.500000000000000        6.7551413873227144     
   22.600000000000001        6.6754678246756018     
   22.700000000000003        6.5927881177272329     
   22.800000000000001        6.5079036520057416     
   22.900000000000002        6.4216497447201242     
   23.000000000000000        6.3348827234866514     
   23.100000000000001        6.2484656281833466     
   23.200000000000003        6.1632532921813548     
   23.300000000000001        6.0800776251330531     
   23.400000000000002        5.9997338962852442     
   23.500000000000000        5.9229687089409273     
   23.600000000000001        5.8504701807496380     
   23.700000000000003        5.7828606280163779     
   23.800000000000001        5.7206918258992667     
   23.900000000000002        5.6644427085976270     
   24.000000000000000        5.6145192058487812     
   24.100000000000001        5.5712557963982370     
   24.200000000000003        5.5349182984566605     
   24.300000000000001        5.5057074069190346     
   24.400000000000002        5.4837625179778549     
   24.500000000000000        5.4691654424661165     
   24.600000000000001        5.4619436889078052     
   24.700000000000003        5.4620730867020999     
   24.800000000000001        5.4694796123661087     
   24.900000000000002        5.4840403728362395     
   25.000000000000000        5.5055837867366169     
   25.100000000000001        5.5338890854644953     
   25.200000000000003        5.5686853292416503     
   25.300000000000001        5.6096501966921295     
   25.400000000000002        5.6564088567803719     
   25.500000000000000        5.7085332647509315     
   25.600000000000001        5.7655422340068547     
   25.700000000000003        5.8269026186996129     
   25.800000000000001        5.8920318935186087     
   25.900000000000002        5.9603023367685140     
   26.000000000000000        6.0310469132363238     
   26.100000000000001        6.1035668221757096     
   26.200000000000003        6.1771405351191238     
   26.300000000000001        6.2510340136528875     
   26.400000000000002        6.3245116853563790     
   26.500000000000000        6.3968476816706970     
   26.600000000000001        6.4673368148024943     
   26.700000000000003        6.5353047954956924     
   26.800000000000001        6.6001172657990939     
   26.900000000000002        6.6611873303553173     
   27.000000000000000        6.7179814012263286     
   27.100000000000001        6.7700233081513792     
   27.200000000000003        6.8168967528778426     
   27.300000000000001        6.8582462907011719     
   27.400000000000002        6.8937770971213599     
   27.500000000000000        6.9232538198821860     
   27.600000000000001        6.9464988279945743     
   27.700000000000003        6.9633901539080663     
   27.800000000000001        6.9738593885637519     
   27.900000000000002        6.9778897377830571     
   28.000000000000000        6.9755143880152666     
   28.100000000000001        6.9668152647073924     
   28.200000000000003        6.9519222013546571     
   28.300000000000001        6.9310124747546462     
   28.400000000000002        6.9043106047828919     
   28.500000000000000        6.8720882676575892     
   28.600000000000001        6.8346641327913691     
   28.700000000000003        6.7924034077294397     
   28.800000000000001        6.7457168661542326     
   28.900000000000002        6.6950591429500106     
   29.000000000000000        6.6409261094119039     
   29.100000000000001        6.5838511908545732     
   29.200000000000003        6.5244005560173219     
   29.300000000000001        6.4631671882319832     
   29.400000000000002        6.4007639354236145     
   29.500000000000000        6.3378157209928361     
   29.600000000000001        6.2749511711243793     
   29.700000000000003        6.2127939674106116     
   29.800000000000001        6.1519542603297355     
   29.900000000000002        6.0930204758207100     
   30.000000000000000        6.0365518145807462     
   30.100000000000001        5.9830716861779472     
   30.200000000000003        5.9330622449944324     
   30.300000000000001        5.8869601114516703     
   30.400000000000002        5.8451532791928660     
   30.500000000000000        5.8079791350630838     
   30.600000000000001        5.7757234599244125     
   30.700000000000003        5.7486202381394538     
   30.800000000000001        5.7268520830331378     
   30.900000000000002        5.7105510837936002     
   31.000000000000000        5.6997998936023144     
   31.100000000000001        5.6946329059439629     
   31.200000000000003        5.6950374023841324     
   31.300000000000001        5.7009545970462865     
   31.400000000000002        5.7122805472907237     
   31.500000000000000        5.7288669437738191     
   31.600000000000001        5.7505218335373138     
   31.700000000000003        5.7770103646729156     
   31.800000000000001        5.8080556682330977     
   31.900000000000002        5.8433400104061430     
   32.000000000000000        5.8825063538205784     
   32.100000000000001        5.9251604599536671     
   32.200000000000003        5.9708736445044455     
   32.300000000000004        6.0191862648015562     
   32.399999999999999        6.0696119746543156     
   32.500000000000000        6.1216427306638712     
   32.600000000000001        6.1747544792401561     
   32.700000000000003        6.2284134006063416     
   32.800000000000004        6.2820825403486706     
   32.899999999999999        6.3352286255385000     
   33.000000000000000        6.3873288448552881     
   33.100000000000001        6.4378773724146843     
   33.200000000000003        6.4863914329813470     
   33.300000000000004        6.5324167396657877     
   33.399999999999999        6.5755321801011171     
   33.500000000000000        6.6153536784183320     
   33.600000000000001        6.6515372127046106     
   33.700000000000003        6.6837810160460318     
   33.800000000000004        6.7118270296954758     
   33.899999999999999        6.7354617066457205     
   34.000000000000000        6.7545162816106750     
   34.100000000000001        6.7688666291054975     
   34.200000000000003        6.7784328259984585     
   34.300000000000004        6.7831785203499253     
   34.399999999999999        6.7831101867528298     
   34.500000000000000        6.7782763221160733     
   34.600000000000001        6.7687666072540651     
   34.700000000000003        6.7547110310142227     
   34.800000000000004        6.7362789470736981     
   34.899999999999999        6.7136780108550909     
   35.000000000000000        6.6871529269145791     
   35.100000000000001        6.6569839270396924     
   35.200000000000003        6.6234848971992708     
   35.300000000000004        6.5870010779889716     
   35.399999999999999        6.5479062782903501     
   35.500000000000000        6.5065995647793144     
   35.600000000000001        6.4635014191797504     
   35.700000000000003        6.4190493885155977     
   35.800000000000004        6.3736932882205570     
   35.899999999999999        6.3278900506212317     
   36.000000000000000        6.2820983388214149     
   36.100000000000001        6.2367730655851519     
   36.200000000000003        6.1923599664211215     
   36.300000000000004        6.1492903747466299     
   36.399999999999999        6.1079763349878924     
   36.500000000000000        6.0688061681431105     
   36.600000000000001        6.0321405760335489     
   36.700000000000003        5.9983093381460417     
   36.800000000000004        5.9676086217927278     
   36.899999999999999        5.9402988952683415     
   37.000000000000000        5.9166034072619551     
   37.100000000000001        5.8967071757589231     
   37.200000000000003        5.8807564170312174     
   37.300000000000004        5.8688583402648282     
   37.399999999999999        5.8610812354439785     
   37.500000000000000        5.8574547903161518     
   37.600000000000001        5.8579705852577346     
   37.700000000000003        5.8625827311047445     
   37.800000000000004        5.8712086328897382     
   37.899999999999999        5.8837298803397626     
   38.000000000000000        5.8999932824399268     
   38.100000000000001        5.9198120770011560     
   38.200000000000003        5.9429673558384932     
   38.300000000000004        5.9692097509740085     
   38.400000000000006        5.9982614266502443     
   38.500000000000000        6.0298184156829269     
   38.600000000000001        6.0635533270407516     
   38.700000000000003        6.0991184352320378     
   38.800000000000004        6.1361491422833954     
   38.900000000000006        6.1742677813974280     
   39.000000000000000        6.2130877096400701     
   39.100000000000001        6.2522176172058188     
   39.200000000000003        6.2912659648096820     
   39.300000000000004        6.3298454501052852     
   39.400000000000006        6.3675773997635856     
   39.500000000000000        6.4040959863564160     
   39.600000000000001        6.4390521781724770     
   39.700000000000003        6.4721173446029185     
   39.800000000000004        6.5029864583055117     
   39.900000000000006        6.5313808562017668     
   40.000000000000000        6.5570505425870724     
   40.100000000000001        6.5797760374561367     
   40.200000000000003        6.5993697900685282     
   40.300000000000004        6.6156771907145426     
   40.400000000000006        6.6285772219702608     
   40.500000000000000        6.6379827942988543     
   40.600000000000001        6.6438408099281139     
   40.700000000000003        6.6461319941171180     
   40.800000000000004        6.6448705250719673     
   40.900000000000006        6.6401034838914343     
   41.000000000000000        6.6319101350994680     
   41.100000000000001        6.6204010376323517     
   41.200000000000003        6.6057169766094619     
   41.300000000000004        6.5880276987260995     
   41.400000000000006        6.5675304293966876     
   41.500000000000000        6.5444481483679464     
   41.600000000000001        6.5190276026844156     
   41.700000000000003        6.4915370416093037     
   41.800000000000004        6.4622636670667974     
   41.900000000000006        6.4315108047637253     
   42.000000000000000        6.3995948144873296     
   42.100000000000001        6.3668417720748467     
   42.200000000000003        6.3335839690094469     
   42.300000000000004        6.3001562873171633     
   42.400000000000006        6.2668925163487845     
   42.500000000000000        6.2341216833022051     
   42.600000000000001        6.2021644704868626     
   42.700000000000003        6.1713297892599588     
   42.800000000000004        6.1419115735839460     
   42.900000000000006        6.1141858459365563     
   43.000000000000000        6.0884080957948479     
   43.100000000000001        6.0648109972223994     
   43.200000000000003        6.0436024783603566     
   43.300000000000004        6.0249641429233733     
   43.400000000000006        6.0090500330152077     
   43.500000000000000        5.9959857143424866     
   43.600000000000001        5.9858676595735725     
   43.700000000000003        5.9787629032338527     
   43.800000000000004        5.9747089419620290     
   43.900000000000006        5.9737138567721342     
   44.000000000000000        5.9757566386104388     
   44.100000000000001        5.9807877042992326     
   44.200000000000003        5.9887295962080227     
   44.300000000000004        5.9994778649795837     
   44.400000000000006        6.0129021397084061     
   44.500000000000000        6.0288473935612741     
   44.600000000000001        6.0471354145129750     
   44.700000000000003        6.0675664903741211     
   44.800000000000004        6.0899213145256654     
   44.900000000000006        6.1139631138549042     
   45.000000000000000        6.1394399936153166     
   45.100000000000001        6.1660874857914179     
   45.200000000000003        6.1936312786695602     
   45.300000000000004        6.2217900964202899     
   45.400000000000006        6.2502786893416298     
   45.500000000000000        6.2788108887069525     
   45.600000000000001        6.3071026755028941     
   45.700000000000003        6.3348752101518206     
   45.800000000000004        6.3618577707881494     
   45.900000000000006        6.3877905507555930     
   46.000000000000000        6.4124272714371298     
   46.100000000000001        6.4355375738457958     
   46.200000000000003        6.4569091609729190     
   46.300000000000004        6.4763496720162124     
   46.400000000000006        6.4936882785952790     
   46.500000000000000        6.5087770012725121     
   46.600000000000001        6.5214917516177433     
   46.700000000000003        6.5317331103256908     
   46.800000000000004        6.5394268553306123     
   46.900000000000006        6.5445242554508027     
   47.000000000000000        6.5470021449834901     
   47.100000000000001        6.5468627931369818     
   47.200000000000003        6.5441335796086895     
   47.300000000000004        6.5388664844329449     
   47.400000000000006        6.5311373968931576     
   47.500000000000000        6.5210452452683647     
   47.600000000000001        6.5087109468689679     
   47.700000000000003        6.4942761765410042     
   47.800000000000004        6.4779019518153103     
   47.900000000000006        6.4597670342643623     
   48.000000000000000        6.4400661493960740     
   48.100000000000001        6.4190080314227673     
   48.200000000000003        6.3968133042370594     
   48.300000000000004        6.3737122155450381     
   48.400000000000006        6.3499422469183866     
   48.500000000000000        6.3257456280629549     
   48.600000000000001        6.3013667884006130     
   48.700000000000003        6.2770497827139247     
   48.800000000000004        6.2530357297902652     
   48.900000000000006        6.2295603035272418     
   49.000000000000000        6.2068513147702005     
   49.100000000000001        6.1851264193363109     
   49.200000000000003        6.1645909834633246     
   49.300000000000004        6.1454361326380029     
   49.400000000000006        6.1278370038152348     
   49.500000000000000        6.1119512148704338     
   49.600000000000001        6.0979175591597539     
   49.700000000000003        6.0858549276701748     
   49.800000000000004        6.0758614567197702     
   49.900000000000006        6.0680138957131371     
   50.000000000000000        6.0623671871548028     
