   0.0000000000000000        2.5000000000000000     
  0.24834064634124775        2.4627817172394617     
  0.49177885365752155        2.4023128156542555     
  0.72812238416448460        2.3214734930766450     
  0.95552651737218097        2.2242535056441692     
   1.1725798058805543        2.1152424780200749     
   1.3783388852610694        1.9991366272134994     
   1.5723182233008437        1.8803406739850732     
   1.7544465716968189        1.7627029131058074     
   1.9250037150265202        1.6493836867989820     
   2.0845497808814679        1.5428329082232997     
   2.2338563354513825        1.4448424267734432     
   2.3738450563041846        1.3566401924173266     
   2.5055367894842169        1.2790001387459455     
   2.6300116146023629        1.2123501970639128     
   2.7483791723030979        1.1568683658246395     
   2.8617577955398508        1.1125623039479866     
   2.9712607251959771        1.0793314536731666     
   3.0779876985859764        1.0570126185166715     
   3.1830203389924905        1.0454107132193884     
   3.2874199549927354        1.0443164934245430     
   3.3922265267507643        1.0535127827756572     
   3.4984577862915449        1.0727702632938649     
   3.6071073817148265        1.1018334295156709     
   3.7191411556964518        1.1403969381504071     
   3.8354905811458280        1.1880724137069747     
   3.9570424067362344        1.2443459087665050     
   4.0846236096345239        1.3085267983239768     
   4.2189808836615006        1.3796900564465964     
   4.3607541736707089        1.4566157422138659     
   4.5104442745075657        1.5377321323183240     
   4.6683753111381332        1.6210720797992271     
   4.8346540336667383        1.7042552797688058     
   5.0091292440328852        1.7845111212704166     
   5.1913561369089614        1.8587561838134867     
   5.3805715410301511        1.9237355772412243     
   5.5756865068926222        1.9762272551202267     
   5.7753018988153979        2.0132938584478208     
   5.9777502995576466        2.0325507153724911     
   6.1811637421473380        2.0324066647555235     
   6.3835622374115717        2.0122320946721657     
   6.5829539271829915        1.9724191749159488     
   6.7774352071755199        1.9143209851233209     
   6.9652791421894271        1.8400824205367599     
   7.1450029464735163        1.7523976123228755     
   7.3154094221211459        1.6542393906147375     
   7.4756017962731640        1.5486042309131793     
   7.6249752085825353        1.4383042795564136     
   7.7631904740381295        1.3258221443878566     
   7.8901365565979154        1.2132295183945259     
   8.0058877457211945        1.1021605652598248     
   8.1106603337655265       0.99382607553590907     
   8.2047721314275357       0.88905375120055452     
   8.2886067790207782       0.78834198017739632     
   8.3625837002107879       0.69191760329950747     
   8.4271337580511627       0.59979138831839585     
   8.4826801855031508       0.51180763531937123     
   8.5296241114650275       0.42768634774418524     
   8.5683339187677650       0.34705774079781249     
   8.5991376914029019       0.26948965405592257     
   8.6223180878576056       0.19450884084089562     
   8.6381090839699759       0.12161726010578143     
   8.6466941424837085        5.0304502851509017E-002
   8.6482054767369068       -1.9942581399823897E-002
   8.6427241779674642       -8.9632084048950927E-002
   8.6302810686008122      -0.15926017714787838     
   8.6108582287195183      -0.22930437892708799     
   8.5843912217077207      -0.30021618023386831     
   8.5507721198707269      -0.37241229820594229     
   8.5098535030552771      -0.44626384613474601     
   8.4614536730166368      -0.52208273940881367     
   8.4053633914764792      -0.60010472196069919     
   8.3413545054547562      -0.68046853107237903     
   8.2691908604284130      -0.76319096692600918     
   8.1886419059397255      -0.84813805251899099     
   8.0994993494256509      -0.93499311804494489     
   8.0015970868122892       -1.0232235683273567     
   7.8948344043214629       -1.1120493009054420     
   7.7792020791302186       -1.2004171667854815     
   7.6548104939592925       -1.2869873110586478     
   7.5219182368344422       -1.3701383357487948     
   7.3809589414475241       -1.4479984623946096     
   7.2325634537393917       -1.5185086145558064     
   7.0775739638897575       -1.5795200681918160     
   6.9170467321258640       -1.6289239098629638     
   6.7522406521686955       -1.6648026007186667     
   6.5845902240881040       -1.6855869487856103     
   6.4156634504126240       -1.6901968821714917     
   6.2471074071856121       -1.6781437052437773     
   6.0805862867263567       -1.6495761423194120     
   5.9177180420339246       -1.6052618299767558     
   5.7600160170542463       -1.5465076352364695     
   5.6088410498757755       -1.4750329339537505     
   5.4653677383996850       -1.3928168514263390     
   5.3305663352241268       -1.3019420271962778     
   5.2051996133991967       -1.2044541600232295     
   5.0898324212788735       -1.1022502238704963     
   4.9848507166640275      -0.99700105793646299     
   4.8904866231350663      -0.89010784500808882     
   4.8068463284920036      -0.78268778502339509     
   4.7339382345979599      -0.67558220308791217     
   4.6716994719984042      -0.56938001390818116     
   4.6200195662664969      -0.46445028747112344     
   4.5787606022769456      -0.36097903730644487     
   4.5477736455581566      -0.25900684379526145     
   4.5269114497055289      -0.15846526497858132     
   4.5160376277731942       -5.9211054195989460E-002
   4.5150325228241854        3.8942028719459690E-002
   4.5237960074116241       0.13619353377252480     
   4.5422473991565431       0.23272822678439667     
   4.5703226210518304       0.32868898176826467     
   4.6079686785114173       0.42415015688305557     
   4.6551354862709182       0.51909120330211544     
   4.7117650719401567       0.61337065600020779     
   4.7777782239499045       0.70670119964166733     
   4.8530587536936407       0.79862717644734682     
   4.9374357159045275       0.88850666193131400     
   5.0306641821190370       0.97550098643614114     
   5.1324054815499069        1.0585751700242150     
   5.2422081850583373        1.1365129455435141     
   5.3594914600987149        1.2079496104236360     
   5.4835326910287110        1.2714246371876365     
   5.6134613454450069        1.3254536778323065     
   5.7482608792175274        1.3686164565913514     
   5.8867799467575832        1.3996535305949642     
   6.0277533186734962        1.4175617987945655     
   6.1698317949321666        1.4216768988196185     
   6.3116192159826392        1.4117310372451817     
   6.4517136514399471        1.3878776399532240     
   6.5887492142159489        1.3506790592877829     
   6.7214348582917092        1.3010593454587791     
   6.8485869930138037        1.2402293735558154     
   6.9691536719349809        1.1695951771961866     
   7.0822292786829237        1.0906615184372239     
   7.1870597959302343        1.0049415958925592     
   7.2830397051590721       0.91388102343099531     
   7.3697022061893058       0.81880073140602028     
   7.4467047401128932       0.72086011437770137     
   7.5138117943576583       0.62103915295068124     
   7.5708767517710429       0.52013660871250500     
   7.6178242132671601       0.41878068516610728     
   7.6546338583217866       0.31744855332936717     
   7.6813265674575399       0.21649159357254688     
   7.6979532480511343       0.11616386311877257     
   7.7045865901189510        1.6651978592139863E-002
   7.7013158280280409       -8.1894812203650358E-002
   7.6882444843146400      -0.17933516772891017     
   7.6654910058024806      -0.27550735120635478     
   7.6331921518333887      -0.37020257474211316     
   7.5915089424563416      -0.46314056876687332     
   7.5406349059883695      -0.55394818473789442     
   7.4808062691817776      -0.64214215707538058     
   7.4123136032523762      -0.72711749609924370     
   7.3355142765250720      -0.80814327207820380     
   7.2508448804320071      -0.88436767299144636     
   7.1588326127141757      -0.95483405298444246     
   7.0601044546114897       -1.0185091216774849     
   6.9553929116009812       -1.0743233899481917     
   6.8455371462866230       -1.1212225115542513     
   6.7314785548289331       -1.1582263999104687     
   6.6142502392782134       -1.1844912560325145     
   6.4949603860006544       -1.1993683209579884     
   6.3747702119838703       -1.2024526746560189     
   6.2548677872132048       -1.1936160275446637     
   6.1364395668712719       -1.1730192236296078     
   6.0206417681192876       -1.1411028229112263     
   5.9085737399260303       -1.0985571263922203     
   5.8012551977520745       -1.0462757153829509     
   5.6996086854394425      -0.98529845068428035     
   5.6044479854175142      -0.91675061400000601     
   5.5164725413262330      -0.84178447723404082     
   5.4362673862740625      -0.76152831862616743     
   5.3643076525967066      -0.67704617159176406     
   5.3009665009291176      -0.58930980117120901     
   5.2465252367677087      -0.49918286619972574     
   5.2011844463289059      -0.40741611332540373     
   5.1650751351335549      -0.31465179787391107     
   5.1382690486989109      -0.22143527569936250     
   5.1207875602658133      -0.12823174901244055     
   5.1126087027462157       -3.5446356732426756E-002
   5.1136720896566912        5.6553929610809753E-002
   5.1238816105832914       0.14741788842393144     
   5.1431059049243411       0.23678820217775387     
   5.1711767209697275       0.32428117085958463     
   5.2078853644341709       0.40946895081575158     
   5.2529775388234325       0.49186532576130410     
   5.3061469839382616       0.57091608169676022     
   5.3670284283273650       0.64599509446500081     
   5.4351904807512019       0.71640718587269037     
   5.5101291825318208       0.78139859838992309     
   5.5912630089811319       0.84017552776979854     
   5.6779301220001379       0.89193051508848797     
   5.7693886155229510       0.93587566039495129     
   5.8648203444323812       0.97128066690475801     
   5.9633386815242959       0.99751280712489043     
   6.0640002189973430        1.0140752120649170     
   6.1658200533302487        1.0206396134133238     
   6.2677899146773823        1.0170699522964850     
   6.3688980820487622        1.0034341356074910     
   6.4681498177389880       0.98000256615659187     
   6.5645869960116601       0.94723366934735076     
   6.6573057026180020       0.90574819316036637     
   6.7454708245426236       0.85629528740189087     
   6.8283269901140269       0.79971407484641210     
   6.9052056014717467       0.73689454236450325     
   6.9755280673374669       0.66874116615124635     
   7.0388056484082480       0.59614189834129649     
   7.0946365429183009       0.51994417909498714     
   7.1427009578153164       0.44093868191580410     
   7.1827549394467676       0.35985068439322659     
   7.2146236947856499       0.27733835244655791     
   7.2381950422466304       0.19399684616604612     
   7.2534135112858333       0.11036697060304751     
   7.2602754793244912        2.6947054430242354E-002
   7.2588256047114079       -5.5793212572043852E-002
   7.2491546917560852      -0.13739816452948189     
   7.2313990104114847      -0.21741185592158149     
   7.2057409883578609      -0.29536508002400508     
   7.1724110953777593      -0.37076465813717285     
   7.1316906478304016      -0.44308589161895495     
   7.0839151752902261      -0.51176899427792599     
   7.0294779152125280      -0.57622020119199879     
   6.9688329410571113      -0.63581805147961334     
   6.9024973935883613      -0.68992504395239562     
   6.8310522846125661      -0.73790445869945243     
   6.7551413873227144      -0.77914164138684594     
   6.6754678246756018      -0.81306850660692898     
   6.5927881177272329      -0.83918950645811019     
   6.5079036520057416      -0.85710692372664621     
   6.4216497447201242      -0.86654317868151198     
   6.3348827234866514      -0.86735795365407509     
   6.2484656281833466      -0.85955836227905913     
   6.1632532921813548      -0.84330108170647200     
   6.0800776251330531      -0.81888622852153825     
   5.9997338962852442      -0.78674365505195976     
   5.9229687089409273      -0.74741312655810344     
   5.8504701807496380      -0.70152039188714921     
   5.7828606280163779      -0.64975141290608529     
   5.7206918258992667      -0.59282696596536566     
   5.6644427085976270      -0.53147952153738431     
   5.6145192058487812      -0.46643383134420746     
   5.5712557963982370      -0.39839210218199445     
   5.5349182984566605      -0.32802409824467915     
   5.5057074069190346      -0.25596205076875739     
   5.4837625179778549      -0.18279989805424457     
   5.4691654424661165      -0.10909613706991694     
   5.4619436889078052       -3.5379427873451871E-002
   5.4620730867020999        3.7843968114864054E-002
   5.4694796123661087       0.11008183961238192     
   5.4840403728362395       0.18084766015083778     
   5.5055837867366169       0.24965304779223338     
   5.5338890854644953       0.31600182414166306     
   5.5686853292416503       0.37938636068931414     
   5.6096501966921295       0.43928678726952641     
   5.6564088567803719       0.49517348606473816     
   5.7085332647509315       0.54651309536772696     
   5.7655422340068547       0.59277799641737960     
   5.8269026186996129       0.63345896044588867     
   5.8920318935186087       0.66808031129676193     
   5.9603023367685140       0.69621664505039260     
   6.0310469132363238       0.71750988617156475     
   6.1035668221757096       0.73168529756304745     
   6.1771405351191238       0.73856504086883046     
   6.2510340136528875       0.73807802718097393     
   6.3245116853563790       0.73026510440802528     
   6.3968476816706970       0.71527906370159289     
   6.4673368148024943       0.69337945544904545     
   6.5353047954956924       0.66492271239757728     
   6.6001172657990939       0.63034851054946150     
   6.6611873303553173       0.59016359977987543     
   6.7179814012263286       0.54492447385139897     
   6.7700233081513792       0.49522022162943802     
   6.8168967528778426       0.44165673226887053     
   6.8582462907011719       0.38484315905348615     
   6.8937770971213599       0.32538122824620541     
   6.9232538198821860       0.26385765623446278     
   6.9464988279945743       0.20083964563237611     
   6.9633901539080663       0.13687319069818746     
   6.9738593885637519        7.2483743428120931E-002
   6.9778897377830571        8.1786729230150790E-003
   6.9755143880152666       -5.5549115154983383E-002
   6.9668152647073924      -0.11821705459441147     
   6.9519222013546571      -0.17934893350980252     
   6.9310124747546462      -0.23847165099698731     
   6.9043106047828919      -0.29511325257811716     
   6.8720882676575892      -0.34880269006129760     
   6.8346641327913691      -0.39907163291757425     
   6.7924034077294397      -0.44545851132058584     
   6.7457168661542326      -0.48751479693415656     
   6.6950591429500106      -0.52481333244590023     
   6.6409261094119039      -0.55695831695807496     
   6.5838511908545732      -0.58359636018612737     
   6.5244005560173219      -0.60442785726289905     
   6.4631671882319832      -0.61921783251814266     
   6.4007639354236145      -0.62780537634636058     
   6.3378157209928361      -0.63011086723290854     
   6.2749511711243793      -0.62614033156823323     
   6.2127939674106116      -0.61598653277234883     
   6.1519542603297355      -0.59982667067986384     
   6.0930204758207100      -0.57791687511963696     
   6.0365518145807462      -0.55058395464437448     
   5.9830716861779472      -0.51821507767768749     
   5.9330622449944324      -0.48124619508765260     
   5.8869601114516703      -0.44015005084162268     
   5.8451532791928660      -0.39542457592637842     
   5.8079791350630838      -0.34758233684034168     
   5.7757234599244125      -0.29714153748198346     
   5.7486202381394538      -0.24461887794086329     
   5.7268520830331378      -0.19052437890197177     
   5.7105510837936002      -0.13535810417223515     
   5.6997998936023144       -7.9608567873875907E-002
   5.6946329059439629       -2.3752502686261084E-002
   5.6950374023841324        3.1744408023182083E-002
   5.7009545970462865        8.6426270420079165E-002
   5.7122805472907237       0.13984563709508435     
   5.7288669437738191       0.19156250548378959     
   5.7505218335373138       0.24114403844240961     
   5.7770103646729156       0.28816532060548433     
   5.8080556682330977       0.33221137605284257     
   5.8433400104061430       0.37288056581010498     
   5.8825063538205784       0.40978936150663708     
   5.9251604599536671       0.44257836021419150     
   5.9708736445044455       0.47091927404557610     
   6.0191862648015562       0.49452250812718507     
   6.0696119746543156       0.51314484534584348     
   6.1216427306638712       0.52659669893160210     
   6.1747544792401561       0.53474838510447498     
   6.2284134006063416       0.53753491341632309     
   6.2820825403486706       0.53495889101892613     
   6.3352286255385000       0.52709128030623054     
   6.3873288448552881       0.51406992178969857     
   6.4378773724146843       0.49609591556051885     
   6.4863914329813470       0.47342812368879544     
   6.5324167396657877       0.44637619291605979     
   6.5755321801011171       0.41529258771037136     
   6.6153536784183320       0.38056416101545010     
   6.6515372127046106       0.34260377429471583     
   6.6837810160460318       0.30184241685794527     
   6.7118270296954758       0.25872217872410236     
   6.7354617066457205       0.21369031537435101     
   6.7545162816106750       0.16719452050017070     
   6.7688666291054975       0.11967940615068026     
   6.7784328259984585        7.1584087496809057E-002
   6.7831785203499253        2.3340687533803743E-002
   6.7831101867528298       -2.4626481647672283E-002
   6.7782763221160733       -7.1901339154767430E-002
   6.7687666072540651      -0.11807634682453080     
   6.7547110310142227      -0.16275299147261121     
   6.7362789470736981      -0.20554268724356223     
   6.7136780108550909      -0.24606829952627060     
   6.6871529269145791      -0.28396642856381155     
   6.6569839270396924      -0.31889051520405798     
   6.6234848971992708      -0.35051474726702303     
   6.5870010779889716      -0.37853865805925774     
   6.5479062782903501      -0.40269222522247572     
   6.5065995647793144      -0.42274120587779096     
   6.4635014191797504      -0.43849239066150325     
   6.4190493885155977      -0.44979843168439632     
   6.3736932882205570      -0.45656190263470642     
   6.3278900506212317      -0.45873828504283970     
   6.2820983388214149      -0.45633764115688230     
   6.2367730655851519      -0.44942482498487812     
   6.1923599664211215      -0.43811818947103331     
   6.1492903747466299      -0.42258685793158596     
   6.1079763349878924      -0.40304672971650041     
   6.0688061681431105      -0.37975547279906668     
   6.0321405760335489      -0.35300681165295389     
   5.9983093381460417      -0.32312444317398320     
   5.9676086217927278      -0.29045590642589098     
   5.9402988952683415      -0.25536669716805543     
   5.9166034072619551      -0.21823486170040995     
   5.8967071757589231      -0.17944623428230089     
   5.8807564170312174      -0.13939040629266797     
   5.8688583402648282       -9.8457440751939407E-002
   5.8610812354439785       -5.7035278829112926E-002
   5.8574547903161518       -1.5507729878840193E-002
   5.8579705852577346        2.5747103867181952E-002
   5.8625827311047445        6.6358141267257059E-002
   5.8712086328897382       0.10596255644952776     
   5.8837298803397626       0.14420710741838189     
   5.8999932824399268       0.18074971161002568     
   5.9198120770011560       0.21526138663118766     
   5.9429673558384932       0.24742862980664049     
   5.9692097509740085       0.27695625809704905     
   5.9982614266502443       0.30357067393457365     
   6.0298184156829269       0.32702346668996440     
   6.0635533270407516       0.34709520843413100     
   6.0991184352320378       0.36359926114516483     
   6.1361491422833954       0.37638538496916990     
   6.1742677813974280       0.38534292709269796     
   6.2130877096400701       0.39040338025178917     
   6.2522176172058188       0.39154212894523671     
   6.2912659648096820       0.38877924789587098     
   6.3298454501052852       0.38217927696667181     
   6.3675773997635856       0.37184996368039264     
   6.4040959863564160       0.35794003188155638     
   6.4390521781724770       0.34063609607499512     
   6.4721173446029185       0.32015888963533412     
   6.5029864583055117       0.29675900712304049     
   6.5313808562017668       0.27071237419954330     
   6.5570505425870724       0.24231565316993489     
   6.5797760374561367       0.21188177006284392     
   6.5993697900685282       0.17973571396980345     
   6.6156771907145426       0.14621071559925664     
   6.6285772219702608       0.11164486441261462     
   6.6379827942988543        7.6378176790811991E-002
   6.6438408099281139        4.0750085260408700E-002
   6.6461319941171180        5.0972838434348022E-003
   6.6448705250719673       -3.0248160900799445E-002
   6.6401034838914343       -6.4960538481827632E-002
   6.6319101350994680       -9.8722172064114516E-002
   6.6204010376323517      -0.13122514778619779     
   6.6057169766094619      -0.16217318233472813     
   6.5880276987260995      -0.19128369083666991     
   6.5675304293966876      -0.21829008633686225     
   6.5444481483679464      -0.24294430731402258     
   6.5190276026844156      -0.26501953354763108     
   6.4915370416093037      -0.28431301613687598     
   6.4622636670667974      -0.30064891763421936     
   6.4315108047637253      -0.31388103597190770     
   6.3995948144873296      -0.32389527354818742     
   6.3668417720748467      -0.33061171214065671     
   6.3335839690094469      -0.33398616581444424     
   6.3001562873171633      -0.33401110705559178     
   6.2668925163487845      -0.33071589410152047     
   6.2341216833022051      -0.32416626688467809     
   6.2021644704868626      -0.31446312140550153     
   6.1713297892599588      -0.30174061363561339     
   6.1419115735839460      -0.28616368032750716     
   6.1141858459365563      -0.26792509212808158     
   6.0884080957948479      -0.24724217193189824     
   6.0648109972223994      -0.22435331746117887     
   6.0436024783603566      -0.19951446186833199     
   6.0249641429233733      -0.17299559107712403     
   6.0090500330152077      -0.14507741380748010     
   5.9959857143424866      -0.11604825247345538     
   5.9858676595735725       -8.6201193280882493E-002
   5.9787629032338527       -5.5831504627531420E-002
   5.9747089419620290       -2.5234306714309495E-002
   5.9737138567721342        5.2975460000488118E-003
   5.9757566386104388        3.5475422905592024E-002
   5.9807877042992326        6.5016777367428336E-002
   5.9887295962080227        9.3646971200391310E-002
   5.9994778649795837       0.12110111980488070     
   6.0129021397084061       0.14712600211433327     
   6.0288473935612741       0.17148206232592592     
   6.0471354145129750       0.19394550965541227     
   6.0675664903741211       0.21431049980823250     
   6.0899213145256654       0.23239135940851433     
   6.1139631138549042       0.24802479425851681     
   6.1394399936153166       0.26107200591711244     
   6.1660874857914179       0.27142063034095898     
   6.1936312786695602       0.27898640845328709     
   6.2217900964202899       0.28371450213434496     
   6.2502786893416298       0.28558038020825471     
   6.2788108887069525       0.28459021673940299     
   6.3071026755028941       0.28078076686532916     
   6.3348752101518206       0.27421871145321425     
   6.3618577707881494       0.26499948871608442     
   6.3877905507555930       0.25324565614400713     
   6.4124272714371298       0.23910484749072439     
   6.4355375738457958       0.22274740536121274     
   6.4569091609729190       0.20436377905847145     
   6.4763496720162124       0.18416177937678363     
   6.4936882785952790       0.16236377729401713     
   6.5087770012725121       0.13920392295632672     
   6.5214917516177433       0.11492544636821182     
   6.5317331103256908        8.9778083479817555E-002
   6.5394268553306123        6.4015652669129952E-002
   6.5445242554508027        3.7893788633978645E-002
   6.5470021449834901        1.1667824905502409E-002
   6.5468627931369818       -1.4409196269528329E-002
   6.5441335796086895       -4.0088416255618015E-002
   6.5388664844329449       -6.5126987906920633E-002
   6.5311373968931576       -8.9289871489361419E-002
   6.5210452452683647      -0.11235162596737308     
   6.5087109468689679      -0.13409821408575617     
   6.4942761765410042      -0.15432882793559874     
   6.4779019518153103      -0.17285772817912295     
   6.4597670342643623      -0.18951607604537424     
   6.4400661493960740      -0.20415372388534458     
   6.4190080314227673      -0.21664091875113670     
   6.3968133042370594      -0.22686986526632177     
   6.3737122155450381      -0.23475608987274973     
   6.3499422469183866      -0.24023954892781163     
   6.3257456280629549      -0.24328542823462324     
   6.3013667884006130      -0.24388459112395872     
   6.2770497827139247      -0.24205364545017738     
   6.2530357297902652      -0.23783461572623840     
   6.2295603035272418      -0.23129422375894032     
   6.2068513147702005      -0.22252279809161646     
   6.1851264193363109      -0.21163284789455483     
   6.1645909834633246      -0.19875734943105833     
   6.1454361326380029      -0.18404780195198375     
   6.1278370038152348      -0.16767211431347079     
   6.1119512148704338      -0.14981238367947744     
   6.0979175591597539      -0.13066262367981410     
   6.0858549276701748      -0.11042649200906370     
   6.0758614567197702       -8.9315057588428531E-002
   6.0680138957131371       -6.7544636131424557E-002
   6.0623671871548028       -4.5334711349896722E-002
