   0.0000000000000000        3.0000000000000000     
  0.29800934174330596        2.9553715808523755     
  0.59015540779839526        2.8832919799555361     
  0.87389947480594543        2.7882442357674839     
   1.1472434603434662        2.6764098240012868     
   1.4088538510823143        2.5547466558485823     
   1.6580958438568578        2.4301466754984298     
   1.8949935785994088        2.3088156331908252     
   2.1201416920496006        2.1959199353467893     
   2.3345937982161442        2.0954688459145667     
   2.5397480905822478        2.0103619152658885     
   2.7372427704054716        1.9425263842645686     
   2.9288670773839849        1.8930832287034440     
   3.1164885490891026        1.8625003783506029     
   3.3019939220569494        1.8507096565805721     
   3.4872394494041310        1.8571773241324823     
   3.6740058761242818        1.8809270545924617     
   3.8639535197363943        1.9205203385165490     
   4.0585736662522462        1.9740045436466818     
   4.2591337922053629        2.0388445754154141     
   4.4666160490228215        2.1118608601731501     
   4.6816510791040491        2.1892034912012055     
   4.9044525011941689        2.2663974051217219     
   5.1347609018624336        2.3384922590660886     
   5.3718090349295045        2.4003384702760848     
   5.6143208870137613        2.4469848110257462     
   5.8605550042652972        2.4741557300769426     
   6.1083963464324453        2.4787288886663057     
   6.3554917032514551        2.4591119195699918     
   6.5994137930967423        2.4154268995717008     
   6.8378319262665332        2.3494541147058201     
   7.0686653330022553        2.2643491455061500     
   7.2901996511844089        2.1642041158638734     
   7.5011559032163486        2.0535533476959498     
   7.7007113305560591        1.9369186361665442     
   7.8884795974866169        1.8184588992812107     
   8.0644624019345361        1.7017499282596780     
   8.2289853692011263        1.5896871138589979     
   8.3826292987558126        1.4844845247097382     
   8.5261647626337052        1.3877374467661507     
   8.6604948523745424        1.3005183504514659     
   8.7866082088752293        1.2234834498635687     
   8.9055425869012002        1.1569749571703438     
   9.0183580661942191        1.1011108459337764     
   9.1261184590960074        1.0558587464731213     
   9.2298792902176316        1.0210935889901378     
   9.3306807739477282       0.99664018603938487     
   9.4295443715153127       0.98230255369981412     
   9.5274716937224806       0.97788178670729364     
   9.6254446836166636       0.98318399914543197     
   9.7244261430019101       0.99801939936719275     
   9.8253597500547762        1.0221931009675576     
   9.9291687541547287        1.0554878596202286     
   10.036752537199392        1.0976386352673075     
   10.148980213910470        1.1482987848627855     
   10.266680431101651        1.2069978877572958     
   10.390626552513915        1.2730918140556022     
   10.521516529470384        1.3457068002051429     
   10.659947018891330        1.4236811083250771     
   10.806381787128442        1.5055103354602297     
   10.961115191287783        1.5893054185964486     
   11.124232585003247        1.6727753182395666     
   11.295570803340505        1.7532482715984132     
   11.474683271076156        1.8277449790748310     
   11.660815429361193        1.8931126138184657     
   11.852896638075871        1.9462191970552596     
   12.049554011091171        1.9841942580940928     
   12.249151474209704        2.0046866430307597     
   12.449853790506268        2.0060987531025676     
   12.649710996845311        1.9877537405834615     
   12.846754709210510        1.9499614318983354     
   13.039095258992278        1.8939686813812908     
   13.225008419977359        1.8218045180823379     
   13.403002643238699        1.7360516635056518     
   13.571861534382725        1.6395872137203948     
   13.730660636915680        1.5353343698555557     
   13.878761309508187        1.4260566200810532     
   14.015786895803084        1.3142109170636376     
   14.141587311531255        1.2018622833884656     
   14.256197870555482        1.0906521439700414     
   14.359797100795840       0.98180745978647255     
   14.452666926556780       0.87617667904937491     
   14.535157261213335       0.77428015963647823     
   14.607655958304376       0.67636559762420745     
   14.670564277307005       0.58246206139523760     
   14.724277517642555       0.49242888171955518     
   14.769170205478014       0.40599765646325908     
   14.805585117031519       0.32280699480635289     
   14.833825430178651       0.24243046111015312     
   14.854149367167546       0.16439862531013222     
   14.866766793098440        8.8216316537355760E-002
   14.871837347270572        1.3376213633418940E-002
   14.869469796201537       -6.0630135591136017E-002
   14.859722402804783      -0.13430284691339070     
   14.842604204357887      -0.20812483957982125     
   14.818077183014337      -0.28255270344408923     
   14.786059397928788      -0.35800646545602766     
   14.746429228496021      -0.43485747519545326     
   14.699030953447370      -0.51341368882923544     
   14.643681958170495      -0.59390172882988579     
   14.580181917050616      -0.67644526962138141     
   14.508324329118405      -0.76103959398292131     
   14.427910778957679      -0.84752263611141099     
   14.338768230273667      -0.93554352868500312     
   14.240769511640035       -1.0245306395787044     
   14.133856895974068       -1.1136623097301777     
   14.018068285328246       -1.2018448920327038     
   13.893564984394249       -1.2877040167442002     
   13.760659403937440       -1.3695958849712151     
   13.619840349927848       -1.4456452842381649     
   13.471792953214592       -1.5138153467147086     
   13.317409958335745       -1.5720104110452624     
   13.157791220238712       -1.6182077422511014     
   12.994229016996000       -1.6506070876483727     
   12.828178218726519       -1.6677806864882565     
   12.661212313707525       -1.6688024883401942     
   12.494968434168364       -1.6533358189545275     
   12.331086363051650       -1.6216642883960866     
   12.171147566115717       -1.5746603869600069     
   12.016620288250341       -1.5136974309179392     
   11.868815679909709       -1.4405201494739115     
   11.728858073788619       -1.3570947264915345     
   11.597670386870524       -1.2654595611307968     
   11.475973661507448       -1.1675941277960447     
   11.364298327618025       -1.0653169519377415     
   11.263004008831933      -0.96021695443526622     
   11.172304563378725      -0.85361683476835881     
   11.092295382209274      -0.74656353285490717     
   11.022980560187797      -0.63983916615062919     
   10.964298231126838      -0.53398575965787864     
   10.916142986357984      -0.42933798875222312     
   10.878384808983997      -0.32605950377496989     
   10.850884328011931      -0.22417981342341636     
   10.833504434941009      -0.12362994328820628     
   10.826118432822748       -2.4276056565938925E-002
   10.828614932558837        7.4049091266438466E-002
   10.840899700821826       0.17151656842220819     
   10.862894622718782       0.26827305764426063     
   10.894533890711910       0.36441351485006057     
   10.935757487020023       0.45995434329659773     
   10.986502005687347       0.55480703994846403     
   11.046688877817040       0.64875272760119251     
   11.116210133455223       0.74141857991962967     
   11.194911968646130       0.83225784608801057     
   11.282576593834087       0.92053591915731214     
   11.378903118250918        1.0053255454528582     
   11.483488557089441        1.0855146575792853     
   11.595810395876072        1.1598301961007591     
   11.715212446932110        1.2268804230381667     
   11.840895902255472        1.2852164559123220     
   11.971917433069031        1.3334110791099467     
   12.107195831253787        1.3701496196990364     
   12.245528000715115        1.3943244288456118     
   12.385614131377851        1.4051221422761113     
   12.526090756803208        1.4020922576248771     
   12.665569312086090        1.3851871926028057     
   12.802676999914002        1.3547678022526048     
   12.936096425672853        1.3115735799759118     
   13.064600660982755        1.2566622063098825     
   13.187081091609610        1.1913274355189538     
   13.302566438080490        1.1170065971457639     
   13.410232482263204        1.0351889663507641     
   13.509403073962067       0.94733430332823776     
   13.599543772864271       0.85480777346037717     
   13.680249934128540       0.75883411929195432     
   13.751231182692012       0.66047106490113971     
   13.812294109225531       0.56059988317128284     
   13.863324750114835       0.45992993172903968     
   13.904272072206824       0.35901363317450957     
   13.935133338507637       0.25826860505281740     
   13.955941927009016       0.15800418735118804     
   13.966757931829202        5.8450263955889190E-002
   13.967661696746417       -4.0213115528915946E-002
   13.958750307346712      -0.13782632236171902     
   13.940136984525752      -0.23422163366300203     
   13.911953261659720      -0.32919616324314038     
   13.874353773137194      -0.42248680936017752     
   13.827523417582389      -0.51374795647975768     
   13.771686572534815      -0.60253293862784918     
   13.707117920698435      -0.68828059237323813     
   13.634154299738178      -0.77030852217170642     
   13.553206815291077      -0.84781487159276825     
   13.464772278417636      -0.91989032613111410     
   13.369442873809737      -0.98554165329046350     
   13.267912873404107       -1.0437272323720144     
   13.160981226084978       -1.0934037332281408     
   13.049549017547747       -1.1335814786837284     
   12.934611127165107       -1.1633843137974715     
   12.817241902286099       -1.1821083661777674     
   12.698575277417019       -1.1892733155359145     
   12.579780401549755       -1.1846600204755497     
   12.462034393817518       -1.1683296962040308     
   12.346494219749847       -1.1406221364469318     
   12.234269791960294       -1.1021332949660632     
   12.126400226648050       -1.0536752992186629     
   12.023834766651174      -0.99622409276112411     
   11.927419297387200      -0.93086101295002710     
   11.837888742714867      -0.85871460599385474     
   11.755865038383519      -0.78090803371225126     
   11.681859919110643      -0.69851588488789995     
   11.616281460753411      -0.61253246828970043     
   11.559443193192251      -0.52385207263765976     
   11.511574616168874      -0.43326044534666497     
   11.472832068535693      -0.34143594692582269     
   11.443309077965322      -0.24895845431453612     
   11.423045516217076      -0.15632402280867377     
   11.412035078244864       -6.3963457930692968E-002
   11.410230776773137        2.7736812598781746E-002
   11.417548292253306       0.11841292622614816     
   11.433867143278329       0.20770198685781105     
   11.459029750831307       0.29522170500937023     
   11.492838569155667       0.38055225280608029     
   11.535051554045246       0.46322132674418898     
   11.585376341065958       0.54269346157350817     
   11.643463612750871       0.61836467571028375     
   11.708900241004397       0.68956349469427047     
   11.781202888647170       0.75555923326325491     
   11.859812826239859       0.81557806545024814     
   11.944092746778463       0.86882684638520236     
   12.033326320307051       0.91452388171244881     
   12.126721105686828       0.95193493974714771     
   12.223415220391509       0.98041189709436416     
   12.322487869423036       0.99943067605715497     
   12.422973477904506        1.0086247585615318     
   12.523878802413231        1.0078106939315856     
   12.624202068037501       0.99700271301489329     
   12.722952945422250       0.97641475117760956     
   12.819172085607045       0.94644967803725766     
   12.911948987716912       0.90767706316791474     
   13.000437174946454       0.86080209518954132     
   13.083865961893036       0.80662910095216445     
   13.161548459138910       0.74602338076443797     
   13.232885823355032       0.67987481084763746     
   13.297368075443055       0.60906599356953750     
   13.354572043618626       0.53444684105562079     
   13.404157129740499       0.45681654095452628     
   13.445859649033764       0.37691301811497901     
   13.479486470605581       0.29540935829672954     
   13.504908609368972       0.21291622745130995     
   13.522055310121154       0.12998908542499044     
   13.530909039318791        4.7138912476094696E-002
   13.531501672346057       -3.5154812155236359E-002
   13.523912041385101      -0.11643006738551254     
   13.508264894597177      -0.19622828321599392     
   13.484731211429905      -0.27408138941707733     
   13.453529720273156      -0.34950087389062079     
   13.414929372266370      -0.42196974486621369     
   13.369252439070086      -0.49093821829794132     
   13.316877825454064      -0.55582383924160905     
   13.258244125050823      -0.61601656488207546     
   13.193851907684309      -0.67088906368252421     
   13.124264719169947      -0.71981210974170473     
   13.050108309246273      -0.76217448539108024     
   12.972067687702840      -0.79740628716525941     
   12.890881744886672      -0.82500402696081077     
   12.807335354929533      -0.84455551791229777     
   12.722249093562974      -0.85576232365163685     
   12.636466924277222      -0.85845760232750878     
   12.550842408491370      -0.85261752437503124     
   12.466224148594035      -0.83836506067014460     
   12.383441253873414      -0.81596574278592904     
   12.303289615757176      -0.78581586420323357     
   12.226519691241485      -0.74842438039006753     
   12.153826336095024      -0.70439035451400356     
   12.085841026706174      -0.65437810708345356     
   12.023126590462127      -0.59909224327878485     
   11.966174357493642      -0.53925448764872341     
   11.915403473905620      -0.47558382760491441     
   11.871161992120483      -0.40878094625703532     
   11.833729282533794      -0.33951739759343447     
   11.803319289504797      -0.26842950822710837     
   11.780084175759452      -0.19611661818458043     
   11.764117952054294      -0.12314301084705416     
   11.755459762740673       -5.0042721684290109E-002
   11.754096583383399        2.2673662259386371E-002
   11.759965176689757        9.4511117994842062E-002
   11.772953242780687       0.16498210185967954     
   11.792899786158888       0.23359910304378614     
   11.819594802548982       0.29986861031893680     
   11.852778462345837       0.36328718470110560     
   11.892140031551236       0.42334022317159403     
   11.937316822779945       0.47950385559567366     
   11.987893504141807       0.53125022918792331     
   12.043402107791941       0.57805619776977946     
   12.103323067894337       0.61941515126078506     
   12.167087575930255       0.65485141123784851     
   12.234081468321758       0.68393631109193043     
   12.303650759440789       0.70630481525838240     
   12.375108808840540       0.72167135687410533     
   12.447744976010643       0.72984352816885800     
   12.520834483599968       0.73073236902391681     
   12.593649096819732       0.72435826856855090     
   12.665468147397082       0.71085189637545709     
   12.735589395814817       0.69045006197047332     
   12.803339240362323       0.66348689571764929     
   12.868081843368939       0.63038117976433883     
   12.929226844920750       0.59162097568016137     
   12.986235458598079       0.54774685997203498     
   13.038624876364342       0.49933508233404517     
   13.085971035348621       0.44698182312854401     
   13.127909905456878       0.39128948382840395     
   13.164137535361837       0.33285564318261818     
   13.194409141928025       0.27226499755145506     
   13.218537545092923       0.21008431237926328     
   13.236391240230914       0.14686016696740767     
   13.247892368401807        8.3119087839320205E-002
   13.253014797544155        1.9369538032922740E-002
   13.251782470259643       -4.3894845131484866E-002
   13.244268111239192      -0.10619140162330842     
   13.230592323603110      -0.16704462201706233     
   13.210923041696539      -0.22598294025506505     
   13.185475250928988      -0.28253668300398871     
   13.154510835610020      -0.33623762690468345     
   13.118338375992098      -0.38662050270655751     
   13.077312688597218      -0.43322664539258238     
   13.031833892107503      -0.47560982301630056     
   12.982345787067366      -0.51334408941556420     
   12.929333362992447      -0.54603330827638985     
   12.873319291415257      -0.57332180526669962     
   12.814859326161926      -0.59490544301372128     
   12.754536608680235      -0.61054230428754230     
   12.692954960169130      -0.62006213313141378     
   12.630731325439841      -0.62337373573621380     
   12.568487606877087      -0.62046968487893261     
   12.506842182031773      -0.61142789213312032     
   12.446401428572608      -0.59640988593481115     
   12.387751581870651      -0.57565592649166331     
   12.331451223383425      -0.54947736248464962     
   12.278024645920317      -0.51824685501827195     
   12.227956271500158      -0.48238723638649539     
   12.181686217392562      -0.44235982334301549     
   12.139607025054245      -0.39865296914541370     
   12.102061493152938      -0.35177152997046779     
   12.069341495986098      -0.30222776131132595     
   12.041687626249338      -0.25053397337490185     
   12.019289477767122      -0.19719708441059172     
   12.002286378844987      -0.14271503579865175     
   11.990768398165830       -8.7574885057708385E-002
   11.984777469518360       -3.2252279198254526E-002
   11.984308515602303        2.2788067268845684E-002
   11.989310491197489        7.7091309382891923E-002
   11.999687308849772       0.13021125656297888     
   12.015298652982807       0.18170942325709522     
   12.035960728368810       0.23115472390034655     
   12.061447023807293       0.27812412836770367     
   12.091489199481957       0.32220451082277124     
   12.125778224796026       0.36299582277641002     
   12.163965900805385       0.40011560378402067     
   12.205666896410822       0.43320471621834700     
   12.250461409670635       0.46193406233065204     
   12.297898535358588       0.48601192331148468     
   12.347500378816669       0.50519146394650394     
   12.398766907120898       0.51927788547096487     
   12.451181475662723       0.52813469398582580     
   12.504216916379235       0.53168858851348988     
   12.557342028291083       0.52993256134464639     
   12.610028276608679       0.52292693646899691     
   12.661756487250949       0.51079823557829396     
   12.712023321328285       0.49373593652381187     
   12.760347329106700       0.47198735546212811     
   12.806274413301809       0.44585102200626231     
   12.849382573641433       0.41566901186560612     
   12.889285853732352       0.38181874569935398     
   12.925637462183136       0.34470475553048024     
   12.958132087755851       0.30475086697258918     
   12.986507468977972       0.26239315742717872     
   13.010545309292320       0.21807394053659671     
   13.030071647958360       0.17223690897866401     
   13.044956804322346       0.12532345303408288     
   13.055115009585499        7.7770070439622724E-002
   13.060503827424348        3.0006700002266004E-002
   13.061123444831143       -1.7544249389903371E-002
   13.057015889634279       -6.4468440282312134E-002
   13.048264203645253      -0.11035999932741614     
   13.034991572484161      -0.15482203492295341     
   13.017360386929392      -0.19746752699951248     
   12.995571188000010      -0.23792079173696451     
   12.969861430575955      -0.27581966415436177     
   12.940503989592997      -0.31081846920934708     
   12.907805329778760      -0.34259177114243411     
   12.872103265139648      -0.37083880636428557     
   12.833764248015941      -0.39528842347785464     
   12.793180148866037      -0.41570428225217482     
   12.750764515651897      -0.43189000901386870     
   12.706948333681982      -0.44369397582728831     
   12.662175340328217      -0.45101337003698000     
   12.616896981103157      -0.45379725142695909     
   12.571567121055269      -0.45204835496868701     
   12.526636645543080      -0.44582348260602023     
   12.482548095115726      -0.43523242910369547     
   12.439730479381723      -0.42043549373307959     
   12.398594404456205      -0.40163972983890411     
   12.359527629034543      -0.37909416747932345     
   12.322891137491574      -0.35308430223422632     
   12.289015787436158      -0.32392617135195739     
   12.258199556909180      -0.29196033597560489     
   12.230705385830676      -0.25754605817669118     
   12.206759579871598      -0.22105590960756935     
   12.186550724480847      -0.18287098207732233     
   12.170229043408398      -0.14337679703842998     
   12.157906130040953      -0.10295993809758744     
   12.149654980849354       -6.2005364281280159E-002
   12.145510267349033       -2.0894306396741981E-002
   12.145468794938493        1.9997392648727012E-002
   12.149490112328456        6.0300658760874759E-002
   12.157497252436608        9.9654464245743146E-002
   12.169377603036905       0.13770717243633557     
   12.184983921636890       0.17411810044000886     
   12.204135522668922       0.20855941925062513     
   12.226619674970634       0.24071846825454635     
   12.252193252790827       0.27030051131078414     
   12.280584683588749       0.29703190746469771     
   12.311496230463781       0.32066361492732759     
   12.344606636347169       0.34097489665326280     
   12.379574141751167       0.35777705429058648     
   12.416039868999386       0.37091698880083995     
   12.453631544949243       0.38028037418020250     
   12.491967513044580       0.38579423759401743     
   12.530660966009732       0.38742876515014046     
   12.569324314445456       0.38519819566237545     
   12.607573595555841       0.37916072122252054     
   12.645032821292260       0.36941737767397453     
   12.681338166805331       0.35610997364271235     
   12.716141908042401       0.33941816698898131     
   12.749116030777044       0.31955584651193031     
   12.779955450950839       0.29676701009628220     
   12.808380806248429       0.27132134585695195     
   12.834140799486612       0.24350971998365634     
   12.857014093926956       0.21363975565545865     
   12.876810777525167       0.18203165486762773     
   12.893373426296062       0.14901437353263461     
   12.906577805734671       0.11492221437620803     
   12.916333253378957        8.0091856354368912E-002
   12.922582785330121        4.4859797390103380E-002
   12.925302965406219        9.5601521707829873E-003
   12.924503568393602       -2.5477279343906728E-002
   12.920227059542663       -5.9928772961283433E-002
   12.912547902075787       -9.3478376393675289E-002
   12.901571694090267      -0.12581964097316839     
   12.887434126847396      -0.15665747480588357     
   12.870299748932380      -0.18571018040466952     
   12.850360515882990      -0.21271171060225896     
   12.827834103151593      -0.23741414311742365     
   12.802961961977928      -0.25959033911297485     
   12.776007102927968      -0.27903671730180546     
   12.747251600224571      -0.29557604558172862     
   12.716993820994087      -0.30906012963464574     
   12.685545396351861      -0.31937226481367725     
   12.653227964813965      -0.32642931564323691     
   12.620369731697767      -0.33018329705977045     
   12.587301899793726      -0.33062235264409157     
   12.554355035597865      -0.32777105585251426     
   12.521855440955601      -0.32168999787878261     
   12.490121601568640      -0.31247466672287810     
   12.459460781320448      -0.30025366239004309     
   12.430165825034983      -0.28518632908956881     
   12.402512222706243      -0.26745991361675620     
   12.376755476309331      -0.24728637749289109     
   12.353128797086024      -0.22489899777865235     
   12.331841147799990      -0.20054888784735420     
   12.313075631925281      -0.17450155598149725     
   12.296988220950347      -0.14703359846779301     
   12.283706802599809      -0.11842959747959630     
   12.273330527179059       -8.8979265228700477E-002
   12.265929426538015       -5.8974847331773037E-002
   12.261544280181095       -2.8708772444921139E-002
   12.260186705456448        1.5284861204954529E-003
   12.261839453010834        3.1450386514482322E-002
   12.266456894161170        6.0776190622872484E-002
   12.273965692820719        8.9232792657192306E-002
   12.284265660436679       0.11655655919806877     
   12.297230797401335       0.14249522472852005     
   12.312710528032751       0.16680987056743340     
   12.330531138047704       0.18927699535571768     
   12.350497423187361       0.20969066352065793     
   12.372394555199369       0.22786469629734796     
   12.395990166812924       0.24363484984572614     
   12.421036650940898       0.25686090863056182     
   12.447273661556560       0.26742861116666561     
   12.474430795118545       0.27525132071275882     
   12.502230422750593       0.28027135621258653     
   12.530390635352463       0.28246090875290469     
   12.558628257122487       0.28182248534492160     
   12.586661878203861       0.27838884357518651     
   12.614214854754659       0.27222240570375256     
   12.641018224904078       0.26341416685841151     
   12.666813491780902       0.25208213674059210     
   12.691355229843404       0.23836937555407772     
   12.714413477663880       0.22244170094096863     
   12.735775888540097       0.20448515240376980     
   12.755249619153247       0.18470330254070932     
   12.772662945288390       0.16331450064831390     
   12.787866601754136       0.14054912468835135     
   12.800734850567261       0.11664690358323011     
   12.811166286835780        9.1854354895482743E-002
   12.819084395378491        6.6422364872396181E-002
   12.824437872927188        4.0603920246681656E-002
   12.827200730892908        1.4651985535139179E-002
   12.827372192395016       -1.1182492962181292E-002
   12.824976394906734       -3.6652483865594013E-002
   12.820061906882279       -6.1516699739179004E-002
