   0.0000000000000000        0.0000000000000000     
  0.10000000000000001       0.29800934174330596     
  0.20000000000000001       0.59015540779839526     
  0.30000000000000004       0.87389947480594543     
  0.40000000000000002        1.1472434603434662     
  0.50000000000000000        1.4088538510823143     
  0.60000000000000009        1.6580958438568578     
  0.70000000000000007        1.8949935785994088     
  0.80000000000000004        2.1201416920496006     
  0.90000000000000002        2.3345937982161442     
   1.0000000000000000        2.5397480905822478     
   1.1000000000000001        2.7372427704054716     
   1.2000000000000002        2.9288670773839849     
   1.3000000000000000        3.1164885490891026     
   1.4000000000000001        3.3019939220569494     
   1.5000000000000000        3.4872394494041310     
   1.6000000000000001        3.6740058761242818     
   1.7000000000000002        3.8639535197363943     
   1.8000000000000000        4.0585736662522462     
   1.9000000000000001        4.2591337922053629     
   2.0000000000000000        4.4666160490228215     
   2.1000000000000001        4.6816510791040491     
   2.2000000000000002        4.9044525011941689     
   2.3000000000000003        5.1347609018624336     
   2.4000000000000004        5.3718090349295045     
   2.5000000000000000        5.6143208870137613     
   2.6000000000000001        5.8605550042652972     
   2.7000000000000002        6.1083963464324453     
   2.8000000000000003        6.3554917032514551     
   2.9000000000000004        6.5994137930967423     
   3.0000000000000000        6.8378319262665332     
   3.1000000000000001        7.0686653330022553     
   3.2000000000000002        7.2901996511844089     
   3.3000000000000003        7.5011559032163486     
   3.4000000000000004        7.7007113305560591     
   3.5000000000000000        7.8884795974866169     
   3.6000000000000001        8.0644624019345361     
   3.7000000000000002        8.2289853692011263     
   3.8000000000000003        8.3826292987558126     
   3.9000000000000004        8.5261647626337052     
   4.0000000000000000        8.6604948523745424     
   4.1000000000000005        8.7866082088752293     
   4.2000000000000002        8.9055425869012002     
   4.2999999999999998        9.0183580661942191     
   4.4000000000000004        9.1261184590960074     
   4.5000000000000000        9.2298792902176316     
   4.6000000000000005        9.3306807739477282     
   4.7000000000000002        9.4295443715153127     
   4.8000000000000007        9.5274716937224806     
   4.9000000000000004        9.6254446836166636     
   5.0000000000000000        9.7244261430019101     
   5.1000000000000005        9.8253597500547762     
   5.2000000000000002        9.9291687541547287     
   5.3000000000000007        10.036752537199392     
   5.4000000000000004        10.148980213910470     
   5.5000000000000000        10.266680431101651     
   5.6000000000000005        10.390626552513915     
   5.7000000000000002        10.521516529470384     
   5.8000000000000007        10.659947018891330     
   5.9000000000000004        10.806381787128442     
   6.0000000000000000        10.961115191287783     
   6.1000000000000005        11.124232585003247     
   6.2000000000000002        11.295570803340505     
   6.3000000000000007        11.474683271076156     
   6.4000000000000004        11.660815429361193     
   6.5000000000000000        11.852896638075871     
   6.6000000000000005        12.049554011091171     
   6.7000000000000002        12.249151474209704     
   6.8000000000000007        12.449853790506268     
   6.9000000000000004        12.649710996845311     
   7.0000000000000000        12.846754709210510     
   7.1000000000000005        13.039095258992278     
   7.2000000000000002        13.225008419977359     
   7.3000000000000007        13.403002643238699     
   7.4000000000000004        13.571861534382725     
   7.5000000000000000        13.730660636915680     
   7.6000000000000005        13.878761309508187     
   7.7000000000000002        14.015786895803084     
   7.8000000000000007        14.141587311531255     
   7.9000000000000004        14.256197870555482     
   8.0000000000000000        14.359797100795840     
   8.0999999999999996        14.452666926556780     
   8.2000000000000011        14.535157261213335     
   8.3000000000000007        14.607655958304376     
   8.4000000000000004        14.670564277307005     
   8.5000000000000000        14.724277517642555     
   8.5999999999999996        14.769170205478014     
   8.7000000000000011        14.805585117031519     
   8.8000000000000007        14.833825430178651     
   8.9000000000000004        14.854149367167546     
   9.0000000000000000        14.866766793098440     
   9.0999999999999996        14.871837347270572     
   9.2000000000000011        14.869469796201537     
   9.3000000000000007        14.859722402804783     
   9.4000000000000004        14.842604204357887     
   9.5000000000000000        14.818077183014337     
   9.6000000000000014        14.786059397928788     
   9.7000000000000011        14.746429228496021     
   9.8000000000000007        14.699030953447370     
   9.9000000000000004        14.643681958170495     
   10.000000000000000        14.580181917050616     
   10.100000000000001        14.508324329118405     
   10.200000000000001        14.427910778957679     
   10.300000000000001        14.338768230273667     
   10.400000000000000        14.240769511640035     
   10.500000000000000        14.133856895974068     
   10.600000000000001        14.018068285328246     
   10.700000000000001        13.893564984394249     
   10.800000000000001        13.760659403937440     
   10.900000000000000        13.619840349927848     
   11.000000000000000        13.471792953214592     
   11.100000000000001        13.317409958335745     
   11.200000000000001        13.157791220238712     
   11.300000000000001        12.994229016996000     
   11.400000000000000        12.828178218726519     
   11.500000000000000        12.661212313707525     
   11.600000000000001        12.494968434168364     
   11.700000000000001        12.331086363051650     
   11.800000000000001        12.171147566115717     
   11.900000000000000        12.016620288250341     
   12.000000000000000        11.868815679909709     
   12.100000000000001        11.728858073788619     
   12.200000000000001        11.597670386870524     
   12.300000000000001        11.475973661507448     
   12.400000000000000        11.364298327618025     
   12.500000000000000        11.263004008831933     
   12.600000000000001        11.172304563378725     
   12.700000000000001        11.092295382209274     
   12.800000000000001        11.022980560187797     
   12.900000000000000        10.964298231126838     
   13.000000000000000        10.916142986357984     
   13.100000000000001        10.878384808983997     
   13.200000000000001        10.850884328011931     
   13.300000000000001        10.833504434941009     
   13.400000000000000        10.826118432822748     
   13.500000000000000        10.828614932558837     
   13.600000000000001        10.840899700821826     
   13.700000000000001        10.862894622718782     
   13.800000000000001        10.894533890711910     
   13.900000000000000        10.935757487020023     
   14.000000000000000        10.986502005687347     
   14.100000000000001        11.046688877817040     
   14.200000000000001        11.116210133455223     
   14.300000000000001        11.194911968646130     
   14.400000000000000        11.282576593834087     
   14.500000000000000        11.378903118250918     
   14.600000000000001        11.483488557089441     
   14.700000000000001        11.595810395876072     
   14.800000000000001        11.715212446932110     
   14.900000000000000        11.840895902255472     
   15.000000000000000        11.971917433069031     
   15.100000000000001        12.107195831253787     
   15.200000000000001        12.245528000715115     
   15.300000000000001        12.385614131377851     
   15.400000000000000        12.526090756803208     
   15.500000000000000        12.665569312086090     
   15.600000000000001        12.802676999914002     
   15.700000000000001        12.936096425672853     
   15.800000000000001        13.064600660982755     
   15.900000000000000        13.187081091609610     
   16.000000000000000        13.302566438080490     
   16.100000000000001        13.410232482263204     
   16.199999999999999        13.509403073962067     
   16.300000000000001        13.599543772864271     
   16.400000000000002        13.680249934128540     
   16.500000000000000        13.751231182692012     
   16.600000000000001        13.812294109225531     
   16.699999999999999        13.863324750114835     
   16.800000000000001        13.904272072206824     
   16.900000000000002        13.935133338507637     
   17.000000000000000        13.955941927009016     
   17.100000000000001        13.966757931829202     
   17.199999999999999        13.967661696746417     
   17.300000000000001        13.958750307346712     
   17.400000000000002        13.940136984525752     
   17.500000000000000        13.911953261659720     
   17.600000000000001        13.874353773137194     
   17.699999999999999        13.827523417582389     
   17.800000000000001        13.771686572534815     
   17.900000000000002        13.707117920698435     
   18.000000000000000        13.634154299738178     
   18.100000000000001        13.553206815291077     
   18.199999999999999        13.464772278417636     
   18.300000000000001        13.369442873809737     
   18.400000000000002        13.267912873404107     
   18.500000000000000        13.160981226084978     
   18.600000000000001        13.049549017547747     
   18.699999999999999        12.934611127165107     
   18.800000000000001        12.817241902286099     
   18.900000000000002        12.698575277417019     
   19.000000000000000        12.579780401549755     
   19.100000000000001        12.462034393817518     
   19.200000000000003        12.346494219749847     
   19.300000000000001        12.234269791960294     
   19.400000000000002        12.126400226648050     
   19.500000000000000        12.023834766651174     
   19.600000000000001        11.927419297387200     
   19.700000000000003        11.837888742714867     
   19.800000000000001        11.755865038383519     
   19.900000000000002        11.681859919110643     
   20.000000000000000        11.616281460753411     
   20.100000000000001        11.559443193192251     
   20.200000000000003        11.511574616168874     
   20.300000000000001        11.472832068535693     
   20.400000000000002        11.443309077965322     
   20.500000000000000        11.423045516217076     
   20.600000000000001        11.412035078244864     
   20.700000000000003        11.410230776773137     
   20.800000000000001        11.417548292253306     
   20.900000000000002        11.433867143278329     
   21.000000000000000        11.459029750831307     
   21.100000000000001        11.492838569155667     
   21.200000000000003        11.535051554045246     
   21.300000000000001        11.585376341065958     
   21.400000000000002        11.643463612750871     
   21.500000000000000        11.708900241004397     
   21.600000000000001        11.781202888647170     
   21.700000000000003        11.859812826239859     
   21.800000000000001        11.944092746778463     
   21.900000000000002        12.033326320307051     
   22.000000000000000        12.126721105686828     
   22.100000000000001        12.223415220391509     
   22.200000000000003        12.322487869423036     
   22.300000000000001        12.422973477904506     
   22.400000000000002        12.523878802413231     
   22.500000000000000        12.624202068037501     
   22.600000000000001        12.722952945422250     
   22.700000000000003        12.819172085607045     
   22.800000000000001        12.911948987716912     
   22.900000000000002        13.000437174946454     
   23.000000000000000        13.083865961893036     
   23.100000000000001        13.161548459138910     
   23.200000000000003        13.232885823355032     
   23.300000000000001        13.297368075443055     
   23.400000000000002        13.354572043618626     
   23.500000000000000        13.404157129740499     
   23.600000000000001        13.445859649033764     
   23.700000000000003        13.479486470605581     
   23.800000000000001        13.504908609368972     
   23.900000000000002        13.522055310121154     
   24.000000000000000        13.530909039318791     
   24.100000000000001        13.531501672346057     
   24.200000000000003        13.523912041385101     
   24.300000000000001        13.508264894597177     
   24.400000000000002        13.484731211429905     
   24.500000000000000        13.453529720273156     
   24.600000000000001        13.414929372266370     
   24.700000000000003        13.369252439070086     
   24.800000000000001        13.316877825454064     
   24.900000000000002        13.258244125050823     
   25.000000000000000        13.193851907684309     
   25.100000000000001        13.124264719169947     
   25.200000000000003        13.050108309246273     
   25.300000000000001        12.972067687702840     
   25.400000000000002        12.890881744886672     
   25.500000000000000        12.807335354929533     
   25.600000000000001        12.722249093562974     
   25.700000000000003        12.636466924277222     
   25.800000000000001        12.550842408491370     
   25.900000000000002        12.466224148594035     
   26.000000000000000        12.383441253873414     
   26.100000000000001        12.303289615757176     
   26.200000000000003        12.226519691241485     
   26.300000000000001        12.153826336095024     
   26.400000000000002        12.085841026706174     
   26.500000000000000        12.023126590462127     
   26.600000000000001        11.966174357493642     
   26.700000000000003        11.915403473905620     
   26.800000000000001        11.871161992120483     
   26.900000000000002        11.833729282533794     
   27.000000000000000        11.803319289504797     
   27.100000000000001        11.780084175759452     
   27.200000000000003        11.764117952054294     
   27.300000000000001        11.755459762740673     
   27.400000000000002        11.754096583383399     
   27.500000000000000        11.759965176689757     
   27.600000000000001        11.772953242780687     
   27.700000000000003        11.792899786158888     
   27.800000000000001        11.819594802548982     
   27.900000000000002        11.852778462345837     
   28.000000000000000        11.892140031551236     
   28.100000000000001        11.937316822779945     
   28.200000000000003        11.987893504141807     
   28.300000000000001        12.043402107791941     
   28.400000000000002        12.103323067894337     
   28.500000000000000        12.167087575930255     
   28.600000000000001        12.234081468321758     
   28.700000000000003        12.303650759440789     
   28.800000000000001        12.375108808840540     
   28.900000000000002        12.447744976010643     
   29.000000000000000        12.520834483599968     
   29.100000000000001        12.593649096819732     
   29.200000000000003        12.665468147397082     
   29.300000000000001        12.735589395814817     
   29.400000000000002        12.803339240362323     
   29.500000000000000        12.868081843368939     
   29.600000000000001        12.929226844920750     
   29.700000000000003        12.986235458598079     
   29.800000000000001        13.038624876364342     
   29.900000000000002        13.085971035348621     
   30.000000000000000        13.127909905456878     
   30.100000000000001        13.164137535361837     
   30.200000000000003        13.194409141928025     
   30.300000000000001        13.218537545092923     
   30.400000000000002        13.236391240230914     
   30.500000000000000        13.247892368401807     
   30.600000000000001        13.253014797544155     
   30.700000000000003        13.251782470259643     
   30.800000000000001        13.244268111239192     
   30.900000000000002        13.230592323603110     
   31.000000000000000        13.210923041696539     
   31.100000000000001        13.185475250928988     
   31.200000000000003        13.154510835610020     
   31.300000000000001        13.118338375992098     
   31.400000000000002        13.077312688597218     
   31.500000000000000        13.031833892107503     
   31.600000000000001        12.982345787067366     
   31.700000000000003        12.929333362992447     
   31.800000000000001        12.873319291415257     
   31.900000000000002        12.814859326161926     
   32.000000000000000        12.754536608680235     
   32.100000000000001        12.692954960169130     
   32.200000000000003        12.630731325439841     
   32.300000000000004        12.568487606877087     
   32.399999999999999        12.506842182031773     
   32.500000000000000        12.446401428572608     
   32.600000000000001        12.387751581870651     
   32.700000000000003        12.331451223383425     
   32.800000000000004        12.278024645920317     
   32.899999999999999        12.227956271500158     
   33.000000000000000        12.181686217392562     
   33.100000000000001        12.139607025054245     
   33.200000000000003        12.102061493152938     
   33.300000000000004        12.069341495986098     
   33.399999999999999        12.041687626249338     
   33.500000000000000        12.019289477767122     
   33.600000000000001        12.002286378844987     
   33.700000000000003        11.990768398165830     
   33.800000000000004        11.984777469518360     
   33.899999999999999        11.984308515602303     
   34.000000000000000        11.989310491197489     
   34.100000000000001        11.999687308849772     
   34.200000000000003        12.015298652982807     
   34.300000000000004        12.035960728368810     
   34.399999999999999        12.061447023807293     
   34.500000000000000        12.091489199481957     
   34.600000000000001        12.125778224796026     
   34.700000000000003        12.163965900805385     
   34.800000000000004        12.205666896410822     
   34.899999999999999        12.250461409670635     
   35.000000000000000        12.297898535358588     
   35.100000000000001        12.347500378816669     
   35.200000000000003        12.398766907120898     
   35.300000000000004        12.451181475662723     
   35.399999999999999        12.504216916379235     
   35.500000000000000        12.557342028291083     
   35.600000000000001        12.610028276608679     
   35.700000000000003        12.661756487250949     
   35.800000000000004        12.712023321328285     
   35.899999999999999        12.760347329106700     
   36.000000000000000        12.806274413301809     
   36.100000000000001        12.849382573641433     
   36.200000000000003        12.889285853732352     
   36.300000000000004        12.925637462183136     
   36.399999999999999        12.958132087755851     
   36.500000000000000        12.986507468977972     
   36.600000000000001        13.010545309292320     
   36.700000000000003        13.030071647958360     
   36.800000000000004        13.044956804322346     
   36.899999999999999        13.055115009585499     
   37.000000000000000        13.060503827424348     
   37.100000000000001        13.061123444831143     
   37.200000000000003        13.057015889634279     
   37.300000000000004        13.048264203645253     
   37.399999999999999        13.034991572484161     
   37.500000000000000        13.017360386929392     
   37.600000000000001        12.995571188000010     
   37.700000000000003        12.969861430575955     
   37.800000000000004        12.940503989592997     
   37.899999999999999        12.907805329778760     
   38.000000000000000        12.872103265139648     
   38.100000000000001        12.833764248015941     
   38.200000000000003        12.793180148866037     
   38.300000000000004        12.750764515651897     
   38.400000000000006        12.706948333681982     
   38.500000000000000        12.662175340328217     
   38.600000000000001        12.616896981103157     
   38.700000000000003        12.571567121055269     
   38.800000000000004        12.526636645543080     
   38.900000000000006        12.482548095115726     
   39.000000000000000        12.439730479381723     
   39.100000000000001        12.398594404456205     
   39.200000000000003        12.359527629034543     
   39.300000000000004        12.322891137491574     
   39.400000000000006        12.289015787436158     
   39.500000000000000        12.258199556909180     
   39.600000000000001        12.230705385830676     
   39.700000000000003        12.206759579871598     
   39.800000000000004        12.186550724480847     
   39.900000000000006        12.170229043408398     
   40.000000000000000        12.157906130040953     
   40.100000000000001        12.149654980849354     
   40.200000000000003        12.145510267349033     
   40.300000000000004        12.145468794938493     
   40.400000000000006        12.149490112328456     
   40.500000000000000        12.157497252436608     
   40.600000000000001        12.169377603036905     
   40.700000000000003        12.184983921636890     
   40.800000000000004        12.204135522668922     
   40.900000000000006        12.226619674970634     
   41.000000000000000        12.252193252790827     
   41.100000000000001        12.280584683588749     
   41.200000000000003        12.311496230463781     
   41.300000000000004        12.344606636347169     
   41.400000000000006        12.379574141751167     
   41.500000000000000        12.416039868999386     
   41.600000000000001        12.453631544949243     
   41.700000000000003        12.491967513044580     
   41.800000000000004        12.530660966009732     
   41.900000000000006        12.569324314445456     
   42.000000000000000        12.607573595555841     
   42.100000000000001        12.645032821292260     
   42.200000000000003        12.681338166805331     
   42.300000000000004        12.716141908042401     
   42.400000000000006        12.749116030777044     
   42.500000000000000        12.779955450950839     
   42.600000000000001        12.808380806248429     
   42.700000000000003        12.834140799486612     
   42.800000000000004        12.857014093926956     
   42.900000000000006        12.876810777525167     
   43.000000000000000        12.893373426296062     
   43.100000000000001        12.906577805734671     
   43.200000000000003        12.916333253378957     
   43.300000000000004        12.922582785330121     
   43.400000000000006        12.925302965406219     
   43.500000000000000        12.924503568393602     
   43.600000000000001        12.920227059542663     
   43.700000000000003        12.912547902075787     
   43.800000000000004        12.901571694090267     
   43.900000000000006        12.887434126847396     
   44.000000000000000        12.870299748932380     
   44.100000000000001        12.850360515882990     
   44.200000000000003        12.827834103151593     
   44.300000000000004        12.802961961977928     
   44.400000000000006        12.776007102927968     
   44.500000000000000        12.747251600224571     
   44.600000000000001        12.716993820994087     
   44.700000000000003        12.685545396351861     
   44.800000000000004        12.653227964813965     
   44.900000000000006        12.620369731697767     
   45.000000000000000        12.587301899793726     
   45.100000000000001        12.554355035597865     
   45.200000000000003        12.521855440955601     
   45.300000000000004        12.490121601568640     
   45.400000000000006        12.459460781320448     
   45.500000000000000        12.430165825034983     
   45.600000000000001        12.402512222706243     
   45.700000000000003        12.376755476309331     
   45.800000000000004        12.353128797086024     
   45.900000000000006        12.331841147799990     
   46.000000000000000        12.313075631925281     
   46.100000000000001        12.296988220950347     
   46.200000000000003        12.283706802599809     
   46.300000000000004        12.273330527179059     
   46.400000000000006        12.265929426538015     
   46.500000000000000        12.261544280181095     
   46.600000000000001        12.260186705456448     
   46.700000000000003        12.261839453010834     
   46.800000000000004        12.266456894161170     
   46.900000000000006        12.273965692820719     
   47.000000000000000        12.284265660436679     
   47.100000000000001        12.297230797401335     
   47.200000000000003        12.312710528032751     
   47.300000000000004        12.330531138047704     
   47.400000000000006        12.350497423187361     
   47.500000000000000        12.372394555199369     
   47.600000000000001        12.395990166812924     
   47.700000000000003        12.421036650940898     
   47.800000000000004        12.447273661556560     
   47.900000000000006        12.474430795118545     
   48.000000000000000        12.502230422750593     
   48.100000000000001        12.530390635352463     
   48.200000000000003        12.558628257122487     
   48.300000000000004        12.586661878203861     
   48.400000000000006        12.614214854754659     
   48.500000000000000        12.641018224904078     
   48.600000000000001        12.666813491780902     
   48.700000000000003        12.691355229843404     
   48.800000000000004        12.714413477663880     
   48.900000000000006        12.735775888540097     
   49.000000000000000        12.755249619153247     
   49.100000000000001        12.772662945288390     
   49.200000000000003        12.787866601754136     
   49.300000000000004        12.800734850567261     
   49.400000000000006        12.811166286835780     
   49.500000000000000        12.819084395378491     
   49.600000000000001        12.824437872927188     
   49.700000000000003        12.827200730892908     
   49.800000000000004        12.827372192395016     
   49.900000000000006        12.824976394906734     
   50.000000000000000        12.820061906882279     
