  0.26104026789965151       0.10503999999999999     
  0.52208053579930302        9.3469999999999998E-002
  0.78312080369895454        8.1150000000000000E-002
   1.0441610715986060        7.3069999999999996E-002
   1.3052013394982578        6.4640000000000003E-002
   1.5662416073979091        5.5849999999999997E-002
   1.8272818752975608        4.8849999999999998E-002
   2.0883221431972121        4.3430000000000003E-002
   2.3493624110968638        3.8730000000000001E-002
   2.6104026789965156        3.4029999999999998E-002
   2.8714429468961669        2.9659999999999999E-002
   3.1324832147958181        2.5749999999999999E-002
   3.3935234826954699        2.2780000000000002E-002
   3.6545637505951216        1.9920000000000000E-002
   3.9156040184947734        1.7720000000000000E-002
   4.1766442863944242        1.4959999999999999E-002
   4.4376845542940764        1.3190000000000000E-002
   4.6987248221937277        1.1220000000000001E-002
   4.9597650900933790        1.0600000000000000E-002
   5.2208053579930311        9.1999999999999998E-003
   5.4818456258926824        7.5300000000000002E-003
   5.7428858937923337        7.1799999999999998E-003
   6.0039261616919850        6.3800000000000003E-003
   6.2649664295916363        5.8300000000000001E-003
   6.5260066974912885        4.4799999999999996E-003
   6.7870469653909398        3.9800000000000000E-003
   7.0480872332905911        3.5999999999999999E-003
   7.3091275011902432        2.8500000000000001E-003
   7.5701677690898945        2.4900000000000000E-003
   7.8312080369895467        2.2100000000000002E-003
   8.0922483048891980        2.0300000000000001E-003
   8.3532885727888484        1.9200000000000000E-003
   8.6143288406885006        1.6600000000000000E-003
   8.8753691085881528        1.4599999999999999E-003
   9.1364093764878049        1.3100000000000000E-003
   9.3974496443874553        1.0600000000000000E-003
   9.6584899122871075        1.0600000000000000E-003
   9.9195301801867579        7.7999999999999999E-004
   10.180570448086410        9.6000000000000002E-004
   10.441610715986062        6.6000000000000000E-004
   10.702650983885713        5.8000000000000000E-004
   10.963691251785365        5.9000000000000003E-004
   11.224731519685017        4.4000000000000002E-004
   11.485771787584667        4.4999999999999999E-004
   11.746812055484320        3.6999999999999999E-004
   12.007852323383970        2.3000000000000001E-004
   12.268892591283622        2.2000000000000001E-004
   12.529932859183273        2.0000000000000001E-004
   12.790973127082925        2.3000000000000001E-004
   13.052013394982577        1.4999999999999999E-004
   13.313053662882227        1.2000000000000000E-004
   13.574093930781880        2.4000000000000001E-004
   13.835134198681530        1.9000000000000001E-004
   14.096174466581182        1.2999999999999999E-004
   14.357214734480836        9.0000000000000006E-005
   14.618255002380486        6.9999999999999994E-005
   14.879295270280139        5.0000000000000002E-005
   15.140335538179789        6.0000000000000002E-005
   15.401375806079441        5.0000000000000002E-005
   15.662416073979093        9.0000000000000006E-005
   15.923456341878744        0.0000000000000000     
   16.184496609778396        1.0000000000000001E-005
   16.445536877678045        3.0000000000000001E-005
   16.706577145577697        3.0000000000000001E-005
   16.967617413477353        2.0000000000000002E-005
   17.228657681377001        1.0000000000000001E-005
   17.489697949276653        4.0000000000000003E-005
   17.750738217176306        2.0000000000000002E-005
   18.011778485075958        2.0000000000000002E-005
   18.272818752975610        1.0000000000000001E-005
   18.533859020875258        1.0000000000000001E-005
   18.794899288774911        1.0000000000000001E-005
   19.055939556674563        1.0000000000000001E-005
   19.316979824574215        0.0000000000000000     
   19.578020092473867        0.0000000000000000     
   19.839060360373516        1.0000000000000001E-005
   20.100100628273168        2.0000000000000002E-005
   20.361140896172820        0.0000000000000000     
   20.622181164072472        0.0000000000000000     
   20.883221431972125        0.0000000000000000     
   21.144261699871777        0.0000000000000000     
   21.405301967771425        0.0000000000000000     
   21.666342235671078        0.0000000000000000     
   21.927382503570730        0.0000000000000000     
   22.188422771470382        0.0000000000000000     
   22.449463039370034        0.0000000000000000     
   22.710503307269683        0.0000000000000000     
   22.971543575169335        1.0000000000000001E-005
   23.232583843068987        0.0000000000000000     
   23.493624110968639        0.0000000000000000     
   23.754664378868291        0.0000000000000000     
   24.015704646767940        0.0000000000000000     
   24.276744914667592        0.0000000000000000     
   24.537785182567244        0.0000000000000000     
   24.798825450466897        0.0000000000000000     
   25.059865718366545        0.0000000000000000     
   25.320905986266197        0.0000000000000000     
   25.581946254165850        0.0000000000000000     
   25.842986522065502        0.0000000000000000     
   26.104026789965154        1.0000000000000001E-005
