   5.5435121944691038E-002  0.36547227261832121     
  0.11087024388938208       0.46378539629896531     
  0.16630536583407313       0.51483606419185024     
  0.22174048777876415       0.58410622839986381     
  0.27717560972345517       0.59222382576799038     
  0.33261073166814625       0.62559617050362182     
  0.38804585361283728       0.65157248208162688     
  0.44348097555752830       0.66726650366000495     
  0.49891609750221932       0.65175287313425190     
  0.55435121944691035       0.67267823523875603     
  0.60978634139160137       0.66401946471275430     
  0.66522146333629251       0.62487460629312175     
  0.72065658528098353       0.63227063945074813     
  0.77609170722567455       0.63750197997687419     
  0.83152682917036558       0.61170605945149414     
  0.88696195111505660       0.58753365839973948     
  0.94239707305974763       0.55758874366398359     
  0.99783219500443865       0.53251438734910372     
   1.0532673169491296       0.50707924892897382     
   1.1087024388938207       0.48020098208784351     
   1.1641375608385118       0.47136182050921682     
   1.2195726827832027       0.44087573261558588     
   1.2750078047278939       0.42644444840558304     
   1.3304429266725850       0.39307210366995154     
   1.3858780486172759       0.37232713261807254     
   1.4413131705619671       0.34256260893494173     
   1.4967482925066580       0.31550395104118645     
   1.5521834144513491       0.30287657735743401     
   1.6076185363960400       0.27888456735830430     
   1.6630536583407312       0.25795920525380023     
   1.7184887802854221       0.24280635683329729     
   1.7739239022301132       0.21358300630804161     
   1.8293590241748043       0.19933211315066382     
   1.8847941461194953       0.18327730946703569     
   1.9402292680641864       0.16126960104678142     
   1.9956643900088773       0.15712060683640561     
   2.0510995119535682       0.15134809315240447     
   2.1065346338982591       0.12915999367952516     
   2.1619697558429505       0.11563066473264752     
   2.2174048777876414       0.10769345841714598     
   2.2728399997323323       0.10137977157526974     
   2.3282751216770237        9.1819045786142889E-002
   2.3837102436217146        9.0375917365142611E-002
   2.4391453655664055        7.1254465786888876E-002
   2.4945804875110964        6.3136868418762301E-002
   2.5500156094557878        5.9168265261011523E-002
   2.6054507314004787        5.1772232103385087E-002
   2.6608858533451700        4.2752679472133327E-002
   2.7163209752898609        3.6078210525007030E-002
   2.7717560972345519        3.5537037367131923E-002
   2.8271912191792428        3.4093908946131644E-002
   2.8826263411239341        3.2289998419881290E-002
   2.9380614630686250        2.8682177367380587E-002
   2.9934965850133159        2.5074356314879885E-002
   3.0489317069580069        2.3090054736004499E-002
   3.1043668289026982        1.7678323157253442E-002
   3.1598019508473891        1.8941060525628689E-002
   3.2152370727920800        1.4250893157377776E-002
   3.2706721947367714        1.8219496315128550E-002
   3.3261073166814623        1.2988155789002529E-002
   3.3815424386261532        1.0643072104877072E-002
   3.4369775605708441        1.0282289999627003E-002
   3.4924126825155355        9.1999436838767924E-003
   3.5478478044602264        7.3960331576264403E-003
   3.6032829264049173        6.6744689471263004E-003
   3.6587180483496087        4.8705584208759483E-003
   3.7141531702942996        4.6901673682509136E-003
   3.7695882922389905        3.4274299998756676E-003
   3.8250234141836814        3.9686031577507727E-003
   3.8804585361283728        3.4274299998756676E-003
   3.9358936580730637        3.0666478946255972E-003
   3.9913287800177546        3.9686031577507727E-003
   4.0467639019624464        3.2470389472506324E-003
   4.1021990239071364        2.1646926315004216E-003
   4.1576341458518273        1.4431284210002812E-003
   4.2130692677965182        1.0823463157502108E-003
   4.2685043897412100        1.4431284210002812E-003
   4.3239395116859010        9.0195526312517569E-004
   4.3793746336305919        1.4431284210002812E-003
   4.4348097555752828        0.0000000000000000     
   4.4902448775199737        5.4117315787510539E-004
   4.5456799994646646        5.4117315787510539E-004
   4.6011151214093555        5.4117315787510539E-004
   4.6565502433540473        3.6078210525007030E-004
   4.7119853652987382        7.2156421050014060E-004
   4.7674204872434292        3.6078210525007030E-004
   4.8228556091881201        3.6078210525007030E-004
   4.8782907311328110        1.8039105262503515E-004
   4.9337258530775019        1.8039105262503515E-004
   4.9891609750221928        1.8039105262503515E-004
   5.0445960969668846        0.0000000000000000     
   5.1000312189115755        0.0000000000000000     
   5.1554663408562673        5.4117315787510539E-004
   5.2109014628009573        0.0000000000000000     
   5.2663365847456483        0.0000000000000000     
   5.3217717066903401        0.0000000000000000     
   5.3772068286350301        0.0000000000000000     
   5.4326419505797219        0.0000000000000000     
   5.4880770725244119        0.0000000000000000     
   5.5435121944691037        0.0000000000000000     
