  0.13052013394982576       0.10503999999999999     
  0.26104026789965151        9.3469999999999998E-002
  0.39156040184947727        8.1150000000000000E-002
  0.52208053579930302        7.3069999999999996E-002
  0.65260066974912889        6.4640000000000003E-002
  0.78312080369895454        5.5849999999999997E-002
  0.91364093764878040        4.8849999999999998E-002
   1.0441610715986060        4.3430000000000003E-002
   1.1746812055484319        3.8730000000000001E-002
   1.3052013394982578        3.4029999999999998E-002
   1.4357214734480834        2.9659999999999999E-002
   1.5662416073979091        2.5749999999999999E-002
   1.6967617413477349        2.2780000000000002E-002
   1.8272818752975608        1.9920000000000000E-002
   1.9578020092473867        1.7720000000000000E-002
   2.0883221431972121        1.4959999999999999E-002
   2.2188422771470382        1.3190000000000000E-002
   2.3493624110968638        1.1220000000000001E-002
   2.4798825450466895        1.0600000000000000E-002
   2.6104026789965156        9.1999999999999998E-003
   2.7409228129463412        7.5300000000000002E-003
   2.8714429468961669        7.1799999999999998E-003
   3.0019630808459925        6.3800000000000003E-003
   3.1324832147958181        5.8300000000000001E-003
   3.2630033487456442        4.4799999999999996E-003
   3.3935234826954699        3.9800000000000000E-003
   3.5240436166452955        3.5999999999999999E-003
   3.6545637505951216        2.8500000000000001E-003
   3.7850838845449473        2.4900000000000000E-003
   3.9156040184947734        2.2100000000000002E-003
   4.0461241524445990        2.0300000000000001E-003
   4.1766442863944242        1.9200000000000000E-003
   4.3071644203442503        1.6600000000000000E-003
   4.4376845542940764        1.4599999999999999E-003
   4.5682046882439025        1.3100000000000000E-003
   4.6987248221937277        1.0600000000000000E-003
   4.8292449561435538        1.0600000000000000E-003
   4.9597650900933790        7.7999999999999999E-004
   5.0902852240432050        9.6000000000000002E-004
   5.2208053579930311        6.6000000000000000E-004
   5.3513254919428563        5.8000000000000000E-004
   5.4818456258926824        5.9000000000000003E-004
   5.6123657598425085        4.4000000000000002E-004
   5.7428858937923337        4.4999999999999999E-004
   5.8734060277421598        3.6999999999999999E-004
   6.0039261616919850        2.3000000000000001E-004
   6.1344462956418111        2.2000000000000001E-004
   6.2649664295916363        2.0000000000000001E-004
   6.3954865635414624        2.3000000000000001E-004
   6.5260066974912885        1.4999999999999999E-004
   6.6565268314411137        1.2000000000000000E-004
   6.7870469653909398        2.4000000000000001E-004
   6.9175670993407650        1.9000000000000001E-004
   7.0480872332905911        1.2999999999999999E-004
   7.1786073672404180        9.0000000000000006E-005
   7.3091275011902432        6.9999999999999994E-005
   7.4396476351400693        5.0000000000000002E-005
   7.5701677690898945        6.0000000000000002E-005
   7.7006879030397206        5.0000000000000002E-005
   7.8312080369895467        9.0000000000000006E-005
   7.9617281709393719        0.0000000000000000     
   8.0922483048891980        1.0000000000000001E-005
   8.2227684388390223        3.0000000000000001E-005
   8.3532885727888484        3.0000000000000001E-005
   8.4838087067386763        2.0000000000000002E-005
   8.6143288406885006        1.0000000000000001E-005
   8.7448489746383267        4.0000000000000003E-005
   8.8753691085881528        2.0000000000000002E-005
   9.0058892425379788        2.0000000000000002E-005
   9.1364093764878049        1.0000000000000001E-005
   9.2669295104376292        1.0000000000000001E-005
   9.3974496443874553        1.0000000000000001E-005
   9.5279697783372814        1.0000000000000001E-005
   9.6584899122871075        0.0000000000000000     
   9.7890100462369336        0.0000000000000000     
   9.9195301801867579        1.0000000000000001E-005
   10.050050314136584        2.0000000000000002E-005
   10.180570448086410        0.0000000000000000     
   10.311090582036236        0.0000000000000000     
   10.441610715986062        0.0000000000000000     
   10.572130849935888        0.0000000000000000     
   10.702650983885713        0.0000000000000000     
   10.833171117835539        0.0000000000000000     
   10.963691251785365        0.0000000000000000     
   11.094211385735191        0.0000000000000000     
   11.224731519685017        0.0000000000000000     
   11.355251653634841        0.0000000000000000     
   11.485771787584667        1.0000000000000001E-005
   11.616291921534494        0.0000000000000000     
   11.746812055484320        0.0000000000000000     
   11.877332189434146        0.0000000000000000     
   12.007852323383970        0.0000000000000000     
   12.138372457333796        0.0000000000000000     
   12.268892591283622        0.0000000000000000     
   12.399412725233448        0.0000000000000000     
   12.529932859183273        0.0000000000000000     
   12.660452993133099        0.0000000000000000     
   12.790973127082925        0.0000000000000000     
   12.921493261032751        0.0000000000000000     
   13.052013394982577        1.0000000000000001E-005
