  0.26104026789965151       0.40239002528291617     
  0.52208053579930302       0.35806736160695141     
  0.78312080369895454       0.31087157798656367     
   1.0441610715986060       0.27991849911864702     
   1.3052013394982578       0.24762463094333304     
   1.5662416073979091       0.21395166519469602     
   1.8272818752975608       0.18713587904674844     
   2.0883221431972121       0.16637279891505188     
   2.3493624110968638       0.14836791393000137     
   2.6104026789965156       0.13036302894495086     
   2.8714429468961669       0.11362231673544644     
   3.1324832147958181        9.8643784758521438E-002
   3.3935234826954699        8.7266229778606541E-002
   3.6545637505951216        7.6310065723873666E-002
   3.9156040184947734        6.7882247220233005E-002
   4.1766442863944242        5.7309165824756529E-002
   4.4376845542940764        5.0528602755918361E-002
   4.6987248221937277        4.2981874368567402E-002
   4.9597650900933790        4.0606761881177754E-002
   5.2208053579930311        3.5243604651588240E-002
   5.4818456258926824        2.8846124242006464E-002
   5.7428858937923337        2.7505334934609084E-002
   6.0039261616919850        2.4440673660557934E-002
   6.2649664295916363        2.2333719034647766E-002
   6.5260066974912885        1.7162103134686447E-002
   6.7870469653909398        1.5246689838404479E-002
   7.0480872332905911        1.3790975733230182E-002
   7.3091275011902432        1.0917855788807227E-002
   7.5701677690898945        9.5387582154842082E-003
   7.8312080369895467        8.4661267695663057E-003
   8.0922483048891980        7.7765779829047964E-003
   8.3532885727888484        7.3551870577227632E-003
   8.6143288406885006        6.3591721436561397E-003
   8.8753691085881528        5.5930068251433514E-003
   9.1364093764878049        5.0183828362587602E-003
   9.3974496443874553        4.0606761881177757E-003
   9.6584899122871075        4.0606761881177757E-003
   9.9195301801867579        2.9880447421998728E-003
   10.180570448086410        3.6775935288613816E-003
   10.441610715986062        2.5283455510922001E-003
   10.702650983885713        2.2218794236870849E-003
   10.963691251785365        2.2601876896127240E-003
   11.224731519685017        1.6855637007281332E-003
   11.485771787584667        1.7238719666537727E-003
   11.746812055484320        1.4174058392486576E-003
   12.007852323383970        8.8109011628970601E-004
   12.268892591283622        8.4278185036406662E-004
   12.529932859183273        7.6616531851278783E-004
   12.790973127082925        8.8109011628970601E-004
   13.052013394982577        5.7462398888459088E-004
   13.313053662882227        4.5969919110767270E-004
   13.574093930781880        9.1939838221534540E-004
   13.835134198681530        7.2785705258714844E-004
   14.096174466581182        4.9800745703331209E-004
   14.357214734480836        3.4477439333075453E-004
   14.618255002380486        2.6815786147947574E-004
   14.879295270280139        1.9154132962819696E-004
   15.140335538179789        2.2984959555383635E-004
   15.401375806079441        1.9154132962819696E-004
   15.662416073979093        3.4477439333075453E-004
   15.923456341878744        0.0000000000000000     
   16.184496609778396        3.8308265925639392E-005
   16.445536877678045        1.1492479777691818E-004
   16.706577145577697        1.1492479777691818E-004
   16.967617413477353        7.6616531851278783E-005
   17.228657681377001        3.8308265925639392E-005
   17.489697949276653        1.5323306370255757E-004
   17.750738217176306        7.6616531851278783E-005
   18.011778485075958        7.6616531851278783E-005
   18.272818752975610        3.8308265925639392E-005
   18.533859020875258        3.8308265925639392E-005
   18.794899288774911        3.8308265925639392E-005
   19.055939556674563        3.8308265925639392E-005
   19.316979824574215        0.0000000000000000     
   19.578020092473867        0.0000000000000000     
   19.839060360373516        3.8308265925639392E-005
   20.100100628273168        7.6616531851278783E-005
   20.361140896172820        0.0000000000000000     
   20.622181164072472        0.0000000000000000     
   20.883221431972125        0.0000000000000000     
   21.144261699871777        0.0000000000000000     
   21.405301967771425        0.0000000000000000     
   21.666342235671078        0.0000000000000000     
   21.927382503570730        0.0000000000000000     
   22.188422771470382        0.0000000000000000     
   22.449463039370034        0.0000000000000000     
   22.710503307269683        0.0000000000000000     
   22.971543575169335        3.8308265925639392E-005
   23.232583843068987        0.0000000000000000     
   23.493624110968639        0.0000000000000000     
   23.754664378868291        0.0000000000000000     
   24.015704646767940        0.0000000000000000     
   24.276744914667592        0.0000000000000000     
   24.537785182567244        0.0000000000000000     
   24.798825450466897        0.0000000000000000     
   25.059865718366545        0.0000000000000000     
   25.320905986266197        0.0000000000000000     
   25.581946254165850        0.0000000000000000     
   25.842986522065502        0.0000000000000000     
   26.104026789965154        3.8308265925639392E-005
