   5.1092099966594792E-002   3.3000000000000000E-003
  0.10218419993318958        6.1300000000000000E-003
  0.15327629989978436        8.9800000000000001E-003
  0.20436839986637917        1.0829999999999999E-002
  0.25546049983297398        1.3440000000000001E-002
  0.30655259979956873        1.5460000000000000E-002
  0.35764469976616353        1.7170000000000001E-002
  0.40873679973275834        1.9480000000000001E-002
  0.45982889969935314        2.1479999999999999E-002
  0.51092099966594795        2.2270000000000002E-002
  0.56201309963254276        2.3349999999999999E-002
  0.61310519959913745        2.5460000000000000E-002
  0.66419729956573237        2.6519999999999998E-002
  0.71528939953232706        2.7640000000000001E-002
  0.76638149949892198        2.7760000000000000E-002
  0.81747359946551668        2.9020000000000001E-002
  0.86856569943211137        3.0030000000000001E-002
  0.91965779939870629        3.0849999999999999E-002
  0.97074989936530098        2.9059999999999999E-002
   1.0218419993318959        2.8989999999999998E-002
   1.0729340992984906        3.0640000000000001E-002
   1.1240261992650855        3.0769999999999999E-002
   1.1751182992316802        2.9780000000000001E-002
   1.2262103991982749        2.9110000000000000E-002
   1.2773024991648698        2.8039999999999999E-002
   1.3283945991314647        2.7720000000000002E-002
   1.3794866990980594        2.6220000000000000E-002
   1.4305787990646541        2.6069999999999999E-002
   1.4816708990312488        2.4530000000000000E-002
   1.5327629989978440        2.4850000000000001E-002
   1.5838550989644387        2.3369999999999998E-002
   1.6349471989310334        2.2179999999999998E-002
   1.6860392988976280        2.1210000000000000E-002
   1.7371313988642227        1.9810000000000001E-002
   1.7882234988308179        1.8010000000000002E-002
   1.8393155987974126        1.7999999999999999E-002
   1.8904076987640073        1.6310000000000002E-002
   1.9414997987306020        1.5280000000000000E-002
   1.9925918986971971        1.4579999999999999E-002
   2.0436839986637918        1.3020000000000000E-002
   2.0947760986303865        1.1650000000000001E-002
   2.1458681985969812        1.1190000000000000E-002
   2.1969602985635759        9.8099999999999993E-003
   2.2480523985301710        9.5300000000000003E-003
   2.2991444984967657        9.1800000000000007E-003
   2.3502365984633604        7.4400000000000004E-003
   2.4013286984299551        6.8500000000000002E-003
   2.4524207983965498        6.6499999999999997E-003
   2.5035128983631449        6.1300000000000000E-003
   2.5546049983297396        5.4700000000000000E-003
   2.6056970982963343        4.7400000000000003E-003
   2.6567891982629295        4.0099999999999997E-003
   2.7078812982295237        3.6900000000000001E-003
   2.7589733981961189        3.0500000000000002E-003
   2.8100654981627140        2.5600000000000002E-003
   2.8611575981293083        2.4099999999999998E-003
   2.9122496980959034        2.2200000000000002E-003
   2.9633417980624976        2.1600000000000000E-003
   3.0144338980290928        1.7899999999999999E-003
   3.0655259979956879        1.6199999999999999E-003
   3.1166180979622822        1.2199999999999999E-003
   3.1677101979288773        1.2800000000000001E-003
   3.2188022978954716        1.0800000000000000E-003
   3.2698943978620667        9.7000000000000005E-004
   3.3209864978286618        7.9000000000000001E-004
   3.3720785977952561        7.2999999999999996E-004
   3.4231706977618512        6.2000000000000000E-004
   3.4742627977284455        4.4000000000000002E-004
   3.5253548976950406        4.0000000000000002E-004
   3.5764469976616358        3.2000000000000003E-004
   3.6275390976282300        2.7999999999999998E-004
   3.6786311975948252        2.5000000000000001E-004
   3.7297232975614194        2.4000000000000001E-004
   3.7808153975280145        2.4000000000000001E-004
   3.8319074974946097        2.2000000000000001E-004
   3.8829995974612039        1.0000000000000000E-004
   3.9340916974277991        8.0000000000000007E-005
   3.9851837973943942        6.9999999999999994E-005
   4.0362758973609889        1.2000000000000000E-004
   4.0873679973275836        1.0000000000000001E-005
   4.1384600972941783        4.0000000000000003E-005
   4.1895521972607730        4.0000000000000003E-005
   4.2406442972273677        4.0000000000000003E-005
   4.2917363971939624        3.0000000000000001E-005
   4.3428284971605571        3.0000000000000001E-005
   4.3939205971271518        2.0000000000000002E-005
   4.4450126970937474        1.0000000000000001E-005
   4.4961047970603421        0.0000000000000000     
   4.5471968970269367        3.0000000000000001E-005
   4.5982889969935314        0.0000000000000000     
   4.6493810969601261        0.0000000000000000     
   4.7004731969267208        0.0000000000000000     
   4.7515652968933155        0.0000000000000000     
   4.8026573968599102        0.0000000000000000     
   4.8537494968265058        0.0000000000000000     
   4.9048415967930996        1.0000000000000001E-005
   4.9559336967596952        0.0000000000000000     
   5.0070257967262899        0.0000000000000000     
   5.0581178966928846        0.0000000000000000     
   5.1092099966594793        0.0000000000000000     
