   0.0000000000000000        1.5000000000000000     
  0.14975023430909087        1.4925202248425267     
  0.29801254996673887        1.4703208816555449     
  0.44334627614830757        1.4340996730267406     
  0.58440092682688716        1.3849492492937252     
  0.71995122193060701        1.3242637171371263     
  0.84892179507954901        1.2536283143182114     
  0.97040064136364546        1.1747068599487875     
   1.0836417364635660        1.0891395306845608     
   1.1880583301721719       0.99845965105811385     
   1.2832090649586503       0.90403376445356143     
   1.3687792928561064       0.80702531522765852     
   1.4445598448248171       0.70837943623761390     
   1.5104251674357465       0.60882476505524719     
   1.5663123027876351       0.50888774663333480     
   1.6122017442871752       0.40891520079880989     
   1.6481008146128675       0.30910169867565357     
   1.6740299126355207       0.20951922205008139     
   1.6900117693604324       0.11014748199375840     
   1.6960637302934214        1.0904039354243833E-002
   1.6921930266589229       -8.8326046981488313E-002
   1.6783949915793006      -0.18766092833774994     
   1.6546542005072598      -0.28719271382008621     
   1.6209485494133986      -0.38695792022526104     
   1.5772563113984797      -0.48690744842549971     
   1.5235662141870505      -0.58687625810899335     
   1.4598905383414527      -0.68655345359938147     
   1.3862811298051769      -0.78545422193143999     
   1.3028480332656900      -0.88289594352794121     
   1.2097801738150840      -0.97798173294586765     
   1.1073671455605272       -1.0695954900996678     
  0.99602073100807276       -1.1564129888178079     
  0.87629432812819419       -1.2369332667825341     
  0.74889809108839467       -1.3095332747092470     
  0.61470741220034886       -1.3725461841380460     
  0.47476251096360145       -1.4243600229596209     
  0.33025744673826452       -1.4635289162696987     
  0.18251785585321426       -1.4888851196818436     
   3.2968040996510073E-002  -1.4996374742678169     
 -0.11691050107975098       -1.4954419926266700     
 -0.26562573371370668       -1.4764335018452595     
 -0.41172270661781685       -1.4432131728879476     
 -0.55382778517144382       -1.3967939887901868     
 -0.69068566554823563       -1.3385128987266677     
 -0.82118648194374355       -1.2699229179691063     
 -0.94438173693205651       -1.1926798828002114     
  -1.0594892030943279       -1.1084370602926634     
  -1.1658880976070860       -1.0187572408101211     
  -1.2631065761030862      -0.92504754060475936     
  -1.3508039032636459      -0.82851802984083756     
  -1.4287496038107508      -0.73016219483991818     
  -1.4968015957904237      -0.63075539917762868     
  -1.5548848817235190      -0.53086682406227292     
  -1.6029719244109217      -0.43088054640268658     
  -1.6410654317953066      -0.33102210781044700     
  -1.6691839554568275      -0.23138784124161543     
  -1.6873504805699859      -0.13197514227476187     
  -1.6955840452446103       -3.2712673983683965E-002
  -1.6938943589145476        6.6509880309321937E-002
  -1.6822793740844610       0.16581246994295745     
  -1.6607257840518237       0.26529544683266421     
  -1.6292124525611202       0.36501010434120279     
  -1.5877168116154112       0.46492875809566359     
  -1.5362242726426367       0.56491444779083189     
  -1.4747406650166872       0.66469083721352973     
  -1.4033076252844217       0.76381357865120159     
  -1.3220206923616618       0.86164525949511206     
  -1.2310496055513334       0.95733698492053121     
  -1.1306599520097969        1.0498205179420887     
  -1.0212348865019458        1.1378154540991103     
 -0.90329519566337535        1.2198558312943957     
 -0.77751558215868943        1.2943395231518373     
 -0.64473481252831877        1.3596014868310267     
 -0.50595743134587301        1.4140084362513385     
 -0.36234519920747210        1.4560681975049699     
 -0.21519730451234323        1.4845427455442435     
  -6.5919664859370425E-002   1.4985509197072062     
   8.4014913348588766E-002   1.4976462451331956     
  0.23311259152410477        1.4818578169557075     
  0.37990629191684122        1.4516876067124076     
  0.52300103046081603        1.4080646348059025     
  0.66111279452403038        1.3522634228672972     
  0.79309798834076084        1.2857992412931034     
  0.91797185413558280        1.2103148146189258     
   1.0349157207439508        1.1274722331851081     
   1.1432741598115286        1.0388605991041255     
   1.2425439702494201       0.94592561034987066     
   1.3323573147680570       0.84992303353777154     
   1.4124613496752874       0.75189465111387410     
   1.4826964309493154       0.65266314570783013     
   1.5429745708716183       0.55284146655110100     
   1.5932593685333705       0.45285224116404338     
   1.6335482207856109       0.35295340491353167     
   1.6638572805742127       0.25326710783067075     
   1.6842093824774427       0.15380989039416210     
   1.6946249973631973        5.4522954897428047E-002
   1.6951161956218466       -4.4697974336981527E-002
   1.6856835731095947      -0.14397323388369795     
   1.6663161064688201      -0.24340999597312152     
   1.6369939360896391      -0.34307288464642799     
   1.5976941074675546      -0.44295416408147464     
   1.5483993169569292      -0.54294349460100910     
   1.4891096872050291      -0.64279770742532050     
   1.4198575216001084      -0.74211169737432481     
   1.3407248373626708      -0.84029235316757045     
   1.2518632389956239      -0.93653837266176942     
   1.1535153630277875       -1.0298297104940302     
   1.0460367144760754       -1.1189310553322647     
  0.92991626502657676       -1.2024138262736830     
  0.80579376564734384       -1.2787003670976769     
  0.67447144776918311       -1.3461320202004472     
  0.53691777177903344       -1.4030595117731233     
  0.39426124289411624       -1.4479498855181350     
  0.24777311206587180       -1.4794998566392019     
   9.8838975144409674E-002  -1.4967420714829820     
  -5.1079283060993658E-002  -1.4991295708346395     
 -0.20048834825097997       -1.4865855876065110     
 -0.34791122113573403       -1.4595106520194199     
 -0.49193345837978109       -1.4187458338965564     
 -0.63124376767089863       -1.3654981097084546     
 -0.76466571420474772       -1.3012394782112302     
 -0.89117862625943889       -1.2275942895593324     
  -1.0099272445032708       -1.1462289717283840     
  -1.1202209542948844       -1.0587555292644271     
  -1.2215243744856381      -0.96665599952858794     
  -1.3134415740491896      -0.87123069702558087     
  -1.3956962818793568      -0.77356946998201614     
  -1.4681102466840887      -0.67454278915577937     
  -1.5305815180559854      -0.57480832373908353     
  -1.5830639703441636      -0.47482850076300831     
  -1.6255489618965706      -0.37489505302999943     
  -1.6580496635167310      -0.27515740949866158     
  -1.6805883222921290      -0.17565271955297851     
  -1.6931865503657384       -7.6336167127344104E-002
  -1.6958586306621086        2.2889062429374704E-002
  -1.6886077953535599       0.12214228245414506     
  -1.6714254387008749       0.22153606695435185     
  -1.6442932548831022       0.32114693033855424     
  -1.6071883252705241       0.42098562229867614     
  -1.5600912002084848       0.52096695906363910     
  -1.5029970092110059       0.62087952530147483     
  -1.4359295713022604       0.72035618741303586     
  -1.3589583452027674       0.81884714515828594     
  -1.2722178413834997       0.91559816143172634     
  -1.1759288072746190        1.0096375320749869     
  -1.0704201015780404        1.0997760861268773     
 -0.95614972693405342        1.1846247512233270     
 -0.83372305759732623        1.2626336350736715     
 -0.70390597935093580        1.3321548536896959     
 -0.56763057493111369        1.3915283510544114     
 -0.42599125903998969        1.4391859181799755     
 -0.28022996800457639        1.4737642028736415     
 -0.13171012664513743        1.4942137911688309     
   1.8119484154577120E-002   1.4998896786145306     
  0.16776839811691510        1.4906095854294299     
  0.31575194469233742        1.4666708025442532     
  0.46063819538231870        1.4288227989839135     
  0.60109011775143883        1.3782000762623501     
  0.73589945006886970        1.3162258633220252     
  0.86401006996844187        1.2445007645749817     
  0.98453008639735795        1.1646908559640241     
   1.0967332353932255        1.0784273841355181     
   1.2000511845195396       0.98722622855145059     
   1.2940589450146127       0.89243087514153319     
   1.3784557664552051       0.79517882383168281     
   1.4530437362583455       0.69638866804582777     
   1.5177059489443914       0.59676366002156622     
   1.5723856662165105       0.49680722369915853     
   1.6170674499346012       0.39684626876453755     
   1.6517608732065123       0.29705895823040523     
   1.6764871265389885       0.19750451689246645     
   1.6912686401118160        9.8153558171389224E-002
   1.6961217297098510       -1.0818474163958314E-003
   1.6910522257797769      -0.10031857891732758     
   1.6760540433284981      -0.19967319683843698     
   1.6511106758622585      -0.29923267113923341     
   1.6161996308829760      -0.39902477813610759     
   1.5712998495451955      -0.49898802239833678     
   1.5164021505229925      -0.59894131053772093     
   1.4515226888425476      -0.69855416800690384     
   1.3767193052769797      -0.79731903951094718     
   1.2921104440773417      -0.89452810610861810     
   1.1978960264950274      -0.98925798631921091     
   1.0943792889595538       -1.0803664816773202     
  0.98198815495697289       -1.1665059065088899     
  0.86129426657494101       -1.2461571694984035     
  0.73302744741341541       -1.3176873240743143     
  0.59808322196525299       -1.3794305928263098     
  0.45752120068461077       -1.4297890244802751     
  0.31255274381239012       -1.4673445277373276     
  0.16451735001205037       -1.4909700536859944     
   1.4848572193271681E-002  -1.4999254082014264     
 -0.13496828212209519       -1.4939236252375034     
 -0.28344315583688928       -1.4731574169143156     
 -0.42912868558626394       -1.4382813671651846     
 -0.57066374428168298       -1.3903527955324977     
 -0.70680937556026602       -1.3307407256358135     
 -0.83647458870276437       -1.2610165631274652     
 -0.95873092254764680       -1.1828411550398270     
  -1.0728160839474148       -1.0978610850885444     
  -1.1781280756884998       -1.0076233203377336     
