   0.0000000000000000        2.5000000000000000     
  0.24958441755538255        2.4875750191620773     
  0.49671351699618116        2.4511842476720438     
  0.73910451765993745        2.3933531261431011     
  0.97479548561886997        2.3179015385359167     
   1.2022514365355850        2.2294636593978230     
   1.4204202453799859        2.1329816250312033     
   1.6287405879498023        2.0332650946750439     
   1.8271116061506552        1.9346718667282201     
   2.0158374429975372        1.8409241890709016     
   2.1955596112753515        1.7550447563488891     
   2.3671876448831402        1.6793805340055297     
   2.5318350574945940        1.6156795389741840     
   2.6907643459729025        1.5651905876481800     
   2.8453421648689070        1.5287639745364567     
   2.9970039936878985        1.5069388308250571     
   3.1472265141949767        1.5000089902060059     
   3.2975053161957741        1.5080632371711225     
   3.4493352675850382        1.5309981776177888     
   3.6041907798719550        1.5685032834101404     
   3.7635032040534364        1.6200186370032561     
   3.9286327063545792        1.6846672686969120     
   4.1008322741687762        1.7611664502205535     
   4.2812021323250171        1.8477265021852514     
   4.4706340004566592        1.9419519022141962     
   4.6697464856946169        2.0407673513725628     
   4.8788155753864686        2.1403993137579804     
   5.0977075168283266        2.2364480138402962     
   5.3258247697028214        2.3240810587374408     
   5.5620781085470803        2.3983628927574787     
   5.8048979005554893        2.4547026259914344     
   6.0522938245365125        2.4893619570652530     
   6.3019645565112166        2.4999290124731517     
   6.5514486353858290        2.4856512488030260     
   6.7982978790129902        2.4475435531070344     
   7.0402488961960641        2.3882429271031969     
   7.2753687430473066        2.3116480686089225     
   7.5021573979428160        2.2224335284202565     
   7.7195998758477842        2.1255455070099063     
   7.9271708901237465        2.0257691190100724     
   8.1248021565227297        1.9274191575802690     
   8.3128255850748385        1.8341662389355518     
   8.4919051972050301        1.7489806073524758     
   8.6629679754490461        1.6741611215859591     
   8.8271404090181083        1.6114147116239452     
   8.9856942493650447        1.5619568583909182     
   9.1400024388405949        1.5266116789924971     
   9.2915044290377136        1.5058978924621518     
   9.4416790461036086        1.5000928664494362     
   9.5920224913386107        1.5092708492954836     
   9.7440288001342665        1.5333137537713162     
   9.8991699873814927        1.5718941199623722     
   10.058873118474134        1.6244308633651807     
   10.224491670163248        1.6900198394145773     
   10.397268865305096        1.7673438368237606     
   10.578291327401155        1.8545709538535888     
   10.768432598834114        1.9492566900390567     
   10.968287989569443        2.0482730326043757     
   11.178104952165551        2.1477955594853317     
   11.397716533132256        2.2433836114828458     
   11.626488817523512        2.3301839324717530     
   11.863295543622394        2.4032700994102325     
   12.106532770944877        2.4580974093769736     
   12.354182417920029        2.4910118544924700     
   12.603925479975215        2.4997170290224608     
   12.853295340677878        2.4835925324075472     
   13.099851928627517        2.4437831988607992     
   13.341352069478789        2.3830354983041682     
   13.575892386854548        2.3053241383131673     
   13.802008109480981        2.2153611526079766     
   14.018721408524570        2.1180943395994456     
   14.225542839080573        2.0182825233468256     
   14.422436359649122        1.9201965261653560     
   14.609761254554138        1.8274550386756885     
   14.788203657514774        1.7429760422136467     
   14.958707637735406        1.6690107576348669     
   15.122412351767190        1.6072256104598075     
   15.280598556165737        1.5588033216541128     
   15.434645285457128        1.5245423230164077     
   15.585995810847153        1.5049412872866552     
   15.736130979730191        1.5002613347529792     
   15.886547495889971        1.5105622406446417     
   16.038738451634433        1.5357111303245332     
   16.194173337481185        1.5753633639959506     
   16.354274773382247        1.6289162994609647     
   16.520389341543222        1.6954381093414734     
   16.693750240491227        1.7735765238618961     
   16.875430175074829        1.8614568616596421     
   17.066284143548689        1.9565852362514973     
   17.266883765703465        2.0557808386139476     
   17.477447582725947        2.1551688046238109     
   17.697775142170219        2.2502687388391256     
   17.927196010021976        2.3362084480501237     
   18.164546971746681        2.4080732352099155     
   18.408190141707578        2.4613674951905207     
   18.656080324844641        2.4925241875357735     
   18.905881712373052        2.4993641940212181     
   19.155123527421761        2.4813997537260506     
   19.401374780454429        2.4399046861325226     
   19.642413325143885        2.3777327628521596     
   19.876365908776204        2.2989318698252412     
   20.101803276321331        2.2082486476543348     
   20.317784753004382        2.1106300741203170     
   20.523856526986954        2.0108069963336064     
   20.720014461465986        1.9130053561677733     
   20.906644820399123        1.8207916680370051     
   21.084455455073481        1.7370318655583146     
   21.254407163064727        1.6639300141554996     
   21.417651464536014        1.6031126202712302     
   21.575477876033307        1.5557302161665185     
   21.729271332350955        1.5225560319644904     
   21.880478774582272        1.5040690493444633     
   22.030582949866577        1.5005143483542016     
   22.181080955918709        1.5119372823157093     
   22.333464830661075        1.5381900831873077     
   22.489201410613116        1.5789106720296895     
   22.649708707519199        1.6334744484050090     
   22.816326200183614        1.7009213871421973     
   22.990276798754834        1.7798635825308118     
   23.172618968028914        1.8683830225259266     
   23.364188792360288        1.9639360446394336     
   23.565533807967352        2.0632889936975034     
   23.776843271700109        2.1625170549075037     
   23.997882942903022        2.2571013013814110     
   24.227945738770693        2.3421525852294640     
   24.465831594983253        2.4127705670230029     
   24.709869065044241        2.4645116527859861     
   24.957986507029435        2.4938983994715795     
   25.207832197419798        2.4988707092986129     
   25.456932196850783        2.4790738479080083     
   25.702865560891148        2.4359095546125160     
   25.943431965646013        2.3723366657830249     
   26.176788816716602        2.2924733906513568     
   26.401542619616663        2.2010981208154856     
   26.616789833509696        2.1031546440377320     
   26.822112058572330        2.0033442038698994     
   27.017536718114709        1.9058470074087313     
   27.203476659451148        1.8141771844150771     
   27.380661058533871        1.7311488626454710     
   27.550067086780949        1.6589194472962545     
   27.712858328726831        1.5990761133739912     
   27.870332820134589        1.5527377710273862     
   28.023881207811339        1.5206529236521604     
   28.174953955680856        1.5032812063740477     
   28.325035590670286        1.5008518545279652     
   28.475623496243262        1.5133958389005393     
   28.628208543825682        1.5407503803633531     
   28.784254784361398        1.5825356904890377     
   28.945175455622376        1.6381048003981051     
   29.112302720321164        1.7064689654065983     
   29.286848931909415        1.7862040649472799     
   29.469857989708068        1.8753482122034866     
   29.662146691644047        1.9713075976454759     
   29.864238096826519        2.0707957036866023     
   30.076291808778084        2.1698383045167877     
   30.298039518723744        2.2638792043343474     
   30.528737380474407        2.3480143384827916     
   30.767148602824264        2.4173603929374434     
   31.011568584475327        2.4675286975255180     
   31.259899922647264        2.4951339891164328     
   31.509775880994489        2.4982368339392687     
   31.758720357820582        2.4766158007099692     
   32.004323408396225        2.4317993812987857     
   32.244407308410636        2.3668491727627536     
   32.477160634775778        2.2859508324646702     
   32.701225876426136        2.1939116700471848     
   32.915736588747535        2.0956699644516470     
   33.120309550950587        1.9958957889166917     
   33.315003395757394        1.8987228158965654     
   33.500257156257867        1.8076126230535112     
   33.676820942184889        1.7253277996327183     
   33.845687948129189        1.6539795976239475     
   34.008033528255737        1.5951164498526735     
   34.165164001072426        1.5498262058964449     
   34.318475540727775        1.5188331084810032     
   34.469421989505214        1.5025777798667637     
   34.619489535619962        1.5012737945795964     
   34.770175740383131        1.5149377684134064     
   34.922970195716800        1.5433917818164615     
   35.079334033377165        1.5862380555193656     
   35.240675548329449        1.6428068325044252     
   35.408319370621598        1.7120801204200660     
   35.583467024414240        1.7925970039598376     
   35.767147514164520        1.8823511851902872     
   35.960157976236751        1.9786983564750942     
   36.162996599211326        2.0782991563279603     
   36.375792968631693        2.1771305367825322     
   36.598244437468367        2.2706003536894936     
   36.829570297093476        2.3537917182119119     
   37.068497172436665        2.4218410434605229     
   37.313287735194891        2.4704174916932016     
   37.561819526745317        2.4962305112174010     
   37.811711711568051        2.4974628840347304     
   38.060487027181949        2.4740266476662782     
   38.305747473758480        2.4275757792958794     
   38.545338685975977        2.3612722687911418     
   38.777480903267737        2.2793663299616398     
   39.000852799633670        2.1866913831681507     
   39.214624971761872        2.0881779316132092     
   39.418449133440376        1.9884633713281075     
   39.612414770392732        1.8916340938912193     
