   0.0000000000000000        3.0000000000000000     
  0.29950187289175467        2.9851240194062583     
  0.59607748580571329        2.9419521708376832     
  0.88708332775352527        2.8746028432169748     
   1.1703941626964314        2.7891868988112503     
   1.4445585157075751        2.6929146838748634     
   1.7088633346491284        2.5932076430985433     
   1.9633176237100174        2.4969873612993005     
   2.2085774715525739        2.4102193325761014     
   2.4458380352132361        2.3377011877128457     
   2.6767140514484029        2.2830323441466094     
   2.9031230727244890        2.2486859117070623     
   3.1271779882687314        2.2361121787700933     
   3.3510892462870889        2.2458223776521375     
   3.5770731286312389        2.2774226267336624     
   3.8072604145186335        2.3295875686994876     
   4.0435996503394218        2.3999817714874010     
   4.2877510056502608        2.4851563585471856     
   4.5409704875555583        2.5804694157869541     
   4.8039901759579626        2.6800987134194263     
   5.0769076556627040        2.7772258831912597     
   5.3591053782407556        2.8644590464322586     
   5.6492253243854531        2.9345131725042921     
   5.9452223058975306        2.9810834454427462     
   6.2445078609004119        2.9997499860674210     
   6.5441768779240332        2.9886892628761834     
   6.8412867257164667        2.9489853954520964     
   7.1331428077321846        2.8844438481046408     
   7.4175424408976989        2.8009663453904112     
   7.6929417552783521        2.7056735274447106     
   7.9585318894581096        2.6060044774042757     
   8.2142319814487497        2.5089764333043179     
   8.4606202983086423        2.4206947298027810     
   8.6988291356449459        2.3461123276120750     
   8.9304258420355556        2.2889804837573084     
   9.1572951842333357        2.2519117805226538     
   9.3815305378494465        2.2364828740330602     
   9.6053349989070398        2.2433229293579653     
   9.8309291729674264        2.2721549717515517     
   10.060460129283090        2.3217772392545157     
   10.295905648457952        2.3899902044979231     
   10.538969406288569        2.4734941288158474     
   10.790966257672615        2.5678029315505326     
   11.052702413743479        2.6672406271848152     
   11.324362669943877        2.7650990673760658     
   11.605424532156261        2.8540273370400944     
   11.894624309131370        2.9266804579386902     
   12.189999265995095        2.9765750047482697     
   12.489019801886112        2.9990017110241123     
   12.788806656316453        2.9917747646146564     
   13.086405637192190        2.9556032396097924     
   13.379075163405128        2.8939689941912019     
   13.664537893327598        2.8125496879531631     
   13.941158811444646        2.7183610213560248     
   14.208033093851625        2.6188472887893890     
   14.464988825729185        2.5211132479895890     
   14.712524669494094        2.4314001717039462     
   14.951708056855736        2.3548156519165104     
   15.184056979830578        2.2952639431395712     
   15.411421607474285        2.2554988904143980     
   15.635874161409282        2.2372250395036626     
   15.859608859881689        2.2411901998805046     
   16.084849127097474        2.2672339928728240     
   16.313756737697279        2.3142770123463792     
   16.548336967155045        2.3802538781128946     
   16.790335086694906        2.4620124747134513     
   17.041122793926903        2.5552223939625969     
   17.301578533281035        2.6543564235972177     
   17.571972853050315        2.7528230706870569     
   17.851877720806318        2.8433232388831962     
   18.140124459085357        2.9184664331883186     
   18.434834994921633        2.9716060962006630     
   18.733542241761384        2.9977563257818178     
   19.033397422805361        2.9943753518467178     
   19.331439634520727        2.9617950939617899     
   19.624884545209696        2.9031639382937304     
   19.911383133930297        2.8239208745771673     
   20.189210686702474        2.7309612635030529     
   20.457366427300350        2.6317216997641864     
   20.715586309910581        2.5333857480145623     
   20.964287662615043        2.4423262147208127     
   21.204471061696839        2.3638042856335302     
   21.437603160105169        2.3018782056377494     
   21.665497694041701        2.2594448497607496     
   21.890204070464172        2.2383382479132510     
   22.113906094087167        2.2394256887243058     
   22.338828505666342        2.2626632117621339     
   22.567146215716342        2.3070926307382695     
   22.800890277500642        2.3707809866783629     
   23.041845666736855        2.4507221856620394     
   23.291438922107275        2.5427410838023454     
   23.550618793289647        2.6414613487356475     
   23.819740044032063        2.7404140249741720     
   24.098468374474308        2.8323621345242413     
   24.385730622898375        2.9098837439608336     
   24.679735387086136        2.9661847034065110     
   24.978081580347339        2.9960158057304089     
   25.277955454906383        2.9964866382926307     
   25.576394265834708        2.9675509655445844     
   25.870575286963106        2.9120147039313276     
   26.158080983471965        2.8350639587922966     
   26.437098589541264        2.7434582402632972     
   26.706531556255719        2.6446130768650842     
   26.966022744622705        2.5457815489387894     
   27.215906478632579        2.4534630736423244     
   27.457114503074916        2.3730710311568979     
   27.691060137465556        2.3088184633801450     
   27.919518827217079        2.2637470036753515     
   28.144515482764838        2.2398218235427549     
   28.368221947813471        2.2380306444971367     
   28.592862778822312        2.2584458804159295     
   28.820624466425791        2.3002295385294276     
   29.053562146379900        2.3615793985158553     
   29.293498628849946        2.4396337172079616     
   29.541913298436743        2.5303719819463057     
   29.799823257205539        2.6285704461908947     
   30.067665874407638        2.7278880319402501     
   30.345199724338020        2.8211596134898014     
   30.631447483980548        2.9009455057609221     
   30.924706230523125        2.9603195055623148     
   31.222644187880178        2.9937829450417373     
   31.522487082700344        2.9981050374111931     
   31.821275205013801        2.9728615057322787     
   32.116151900955714        2.9205077156864245     
   32.404634468023545        2.8459631317534244     
   32.684823935776699        2.7558358506793410     
   32.955528337405610        2.6575065448978217     
   33.216296601988354        2.5582879446792108     
   33.467378446403565        2.4648006210194624     
   33.709634828158542        2.3826083646357112     
   33.944423729649962        2.3160796130797268     
   34.173480425391887        2.2684024309291995     
   34.398803625509125        2.2416748411851111     
   34.622551651987649        2.2370060661505069     
   34.846947375663980        2.2545849842752208     
   35.074187323850758        2.2936928850414162     
   35.306349040655000        2.3526566587097610     
   35.545291322316793        2.4287571900985157     
   35.792544413448830        2.5181277617533162     
   36.049191795854583        2.6156985403177462     
   36.315751768672328        2.7152611367773924     
   36.592074799964742        2.8097314391772361     
   36.877279554614816        2.8916652707129158     
   37.169753198052028        2.9540198530148047     
   37.467236394495352        2.9910613485378601     
   37.766998678460247        2.9992277733199804     
   38.066088243233466        2.9777180367153160     
   38.361619072601528        2.9286298332641802     
   38.651046817023591        2.8566027551102326     
   38.932388349564079        2.7680779318680022     
   39.204356820739108        2.6703870024537131     
   39.466406519770317        2.5708919139666948     
   39.718701027126428        2.4763283871856512     
   39.962028582631334        2.3924084325805350     
   40.197689821381729        2.3236562517947621     
   40.427377945532591        2.2734079406602303     
   40.653063738570644        2.2438961248172040     
   40.876890425383820        2.2363527039357858     
   41.101077687649457        2.2510832451440295     
   41.327830556716407        2.2874875286941361     
   41.559247331290592        2.3440199921702138     
   41.797220967555347        2.4181023900031415     
   42.043330595956881        2.5060207824713676     
   42.298724090333607        2.6028602207444473     
   42.563998945139410        2.7025493029553318     
   42.839096427229016        2.7980935163195424     
   43.123231170499935        2.8820569939063359     
   43.414881838759712        2.9472957411952514     
   43.711864479828847        2.9878554211698289     
   44.011496646149638        2.9998528893302070     
   44.310839280180033        2.9821125763665974     
   44.606981654650674        2.9363683850990823     
   44.897321460912671        2.8669673944683827     
   45.179793664076591        2.7801682856181724     
   45.453017252403697        2.6832391387158636     
   45.716351305429598        2.5835801278481245     
   45.969871818783872        2.4880355609350984     
   46.214292414988357        2.4024630487500129     
   46.450854368278392        2.3315426726791602     
   46.681206886690433        2.2787600688869074     
   46.907291077747331        2.2464842459863923     
   47.131233477823713        2.2360710600704095     
   47.355249071970256        2.2479431238967926     
   47.581549872159648        2.2816180408421260     
   47.812253297439362        2.3356763069291877     
   48.049284660408169        2.4076787678289802     
   48.294270017103216        2.4940630836220379     
   48.548419635084343        2.5900698281243306     
   48.812408417099171        2.6897683882014136     
   49.086267226645141        2.7862618591134494     
   49.369306485727982        2.8721349994136229     
   49.660097569826128        2.9401577830645249     
   49.956534662765989        2.9841703551665577     
   50.255987410823323        2.9999792540471999     
   50.555534314953512        2.9860378613622602     
   50.852244660970406        2.9437112013555593     
   51.143462028332195        2.8770418533284876     
   51.427041921833116        2.7920907061301619     
   51.701510077338035        2.6960474515664927     
   51.966129940081025        2.5963389582780807     
   52.220888560573549        2.4999109909112325     
