   0.0000000000000000        0.0000000000000000     
  0.10000000000000001       0.29950187289175467     
  0.20000000000000001       0.59607748580571329     
  0.30000000000000004       0.88708332775352527     
  0.40000000000000002        1.1703941626964314     
  0.50000000000000000        1.4445585157075751     
  0.60000000000000009        1.7088633346491284     
  0.70000000000000007        1.9633176237100174     
  0.80000000000000004        2.2085774715525739     
  0.90000000000000002        2.4458380352132361     
   1.0000000000000000        2.6767140514484029     
   1.1000000000000001        2.9031230727244890     
   1.2000000000000002        3.1271779882687314     
   1.3000000000000000        3.3510892462870889     
   1.4000000000000001        3.5770731286312389     
   1.5000000000000000        3.8072604145186335     
   1.6000000000000001        4.0435996503394218     
   1.7000000000000002        4.2877510056502608     
   1.8000000000000000        4.5409704875555583     
   1.9000000000000001        4.8039901759579626     
   2.0000000000000000        5.0769076556627040     
   2.1000000000000001        5.3591053782407556     
   2.2000000000000002        5.6492253243854531     
   2.3000000000000003        5.9452223058975306     
   2.4000000000000004        6.2445078609004119     
   2.5000000000000000        6.5441768779240332     
   2.6000000000000001        6.8412867257164667     
   2.7000000000000002        7.1331428077321846     
   2.8000000000000003        7.4175424408976989     
   2.9000000000000004        7.6929417552783521     
   3.0000000000000000        7.9585318894581096     
   3.1000000000000001        8.2142319814487497     
   3.2000000000000002        8.4606202983086423     
   3.3000000000000003        8.6988291356449459     
   3.4000000000000004        8.9304258420355556     
   3.5000000000000000        9.1572951842333357     
   3.6000000000000001        9.3815305378494465     
   3.7000000000000002        9.6053349989070398     
   3.8000000000000003        9.8309291729674264     
   3.9000000000000004        10.060460129283090     
   4.0000000000000000        10.295905648457952     
   4.1000000000000005        10.538969406288569     
   4.2000000000000002        10.790966257672615     
   4.2999999999999998        11.052702413743479     
   4.4000000000000004        11.324362669943877     
   4.5000000000000000        11.605424532156261     
   4.6000000000000005        11.894624309131370     
   4.7000000000000002        12.189999265995095     
   4.8000000000000007        12.489019801886112     
   4.9000000000000004        12.788806656316453     
   5.0000000000000000        13.086405637192190     
   5.1000000000000005        13.379075163405128     
   5.2000000000000002        13.664537893327598     
   5.3000000000000007        13.941158811444646     
   5.4000000000000004        14.208033093851625     
   5.5000000000000000        14.464988825729185     
   5.6000000000000005        14.712524669494094     
   5.7000000000000002        14.951708056855736     
   5.8000000000000007        15.184056979830578     
   5.9000000000000004        15.411421607474285     
   6.0000000000000000        15.635874161409282     
   6.1000000000000005        15.859608859881689     
   6.2000000000000002        16.084849127097474     
   6.3000000000000007        16.313756737697279     
   6.4000000000000004        16.548336967155045     
   6.5000000000000000        16.790335086694906     
   6.6000000000000005        17.041122793926903     
   6.7000000000000002        17.301578533281035     
   6.8000000000000007        17.571972853050315     
   6.9000000000000004        17.851877720806318     
   7.0000000000000000        18.140124459085357     
   7.1000000000000005        18.434834994921633     
   7.2000000000000002        18.733542241761384     
   7.3000000000000007        19.033397422805361     
   7.4000000000000004        19.331439634520727     
   7.5000000000000000        19.624884545209696     
   7.6000000000000005        19.911383133930297     
   7.7000000000000002        20.189210686702474     
   7.8000000000000007        20.457366427300350     
   7.9000000000000004        20.715586309910581     
   8.0000000000000000        20.964287662615043     
   8.0999999999999996        21.204471061696839     
   8.2000000000000011        21.437603160105169     
   8.3000000000000007        21.665497694041701     
   8.4000000000000004        21.890204070464172     
   8.5000000000000000        22.113906094087167     
   8.5999999999999996        22.338828505666342     
   8.7000000000000011        22.567146215716342     
   8.8000000000000007        22.800890277500642     
   8.9000000000000004        23.041845666736855     
   9.0000000000000000        23.291438922107275     
   9.0999999999999996        23.550618793289647     
   9.2000000000000011        23.819740044032063     
   9.3000000000000007        24.098468374474308     
   9.4000000000000004        24.385730622898375     
   9.5000000000000000        24.679735387086136     
   9.6000000000000014        24.978081580347339     
   9.7000000000000011        25.277955454906383     
   9.8000000000000007        25.576394265834708     
   9.9000000000000004        25.870575286963106     
   10.000000000000000        26.158080983471965     
   10.100000000000001        26.437098589541264     
   10.200000000000001        26.706531556255719     
   10.300000000000001        26.966022744622705     
   10.400000000000000        27.215906478632579     
   10.500000000000000        27.457114503074916     
   10.600000000000001        27.691060137465556     
   10.700000000000001        27.919518827217079     
   10.800000000000001        28.144515482764838     
   10.900000000000000        28.368221947813471     
   11.000000000000000        28.592862778822312     
   11.100000000000001        28.820624466425791     
   11.200000000000001        29.053562146379900     
   11.300000000000001        29.293498628849946     
   11.400000000000000        29.541913298436743     
   11.500000000000000        29.799823257205539     
   11.600000000000001        30.067665874407638     
   11.700000000000001        30.345199724338020     
   11.800000000000001        30.631447483980548     
   11.900000000000000        30.924706230523125     
   12.000000000000000        31.222644187880178     
   12.100000000000001        31.522487082700344     
   12.200000000000001        31.821275205013801     
   12.300000000000001        32.116151900955714     
   12.400000000000000        32.404634468023545     
   12.500000000000000        32.684823935776699     
   12.600000000000001        32.955528337405610     
   12.700000000000001        33.216296601988354     
   12.800000000000001        33.467378446403565     
   12.900000000000000        33.709634828158542     
   13.000000000000000        33.944423729649962     
   13.100000000000001        34.173480425391887     
   13.200000000000001        34.398803625509125     
   13.300000000000001        34.622551651987649     
   13.400000000000000        34.846947375663980     
   13.500000000000000        35.074187323850758     
   13.600000000000001        35.306349040655000     
   13.700000000000001        35.545291322316793     
   13.800000000000001        35.792544413448830     
   13.900000000000000        36.049191795854583     
   14.000000000000000        36.315751768672328     
   14.100000000000001        36.592074799964742     
   14.200000000000001        36.877279554614816     
   14.300000000000001        37.169753198052028     
   14.400000000000000        37.467236394495352     
   14.500000000000000        37.766998678460247     
   14.600000000000001        38.066088243233466     
   14.700000000000001        38.361619072601528     
   14.800000000000001        38.651046817023591     
   14.900000000000000        38.932388349564079     
   15.000000000000000        39.204356820739108     
   15.100000000000001        39.466406519770317     
   15.200000000000001        39.718701027126428     
   15.300000000000001        39.962028582631334     
   15.400000000000000        40.197689821381729     
   15.500000000000000        40.427377945532591     
   15.600000000000001        40.653063738570644     
   15.700000000000001        40.876890425383820     
   15.800000000000001        41.101077687649457     
   15.900000000000000        41.327830556716407     
   16.000000000000000        41.559247331290592     
   16.100000000000001        41.797220967555347     
   16.199999999999999        42.043330595956881     
   16.300000000000001        42.298724090333607     
   16.400000000000002        42.563998945139410     
   16.500000000000000        42.839096427229016     
   16.600000000000001        43.123231170499935     
   16.699999999999999        43.414881838759712     
   16.800000000000001        43.711864479828847     
   16.900000000000002        44.011496646149638     
   17.000000000000000        44.310839280180033     
   17.100000000000001        44.606981654650674     
   17.199999999999999        44.897321460912671     
   17.300000000000001        45.179793664076591     
   17.400000000000002        45.453017252403697     
   17.500000000000000        45.716351305429598     
   17.600000000000001        45.969871818783872     
   17.699999999999999        46.214292414988357     
   17.800000000000001        46.450854368278392     
   17.900000000000002        46.681206886690433     
   18.000000000000000        46.907291077747331     
   18.100000000000001        47.131233477823713     
   18.199999999999999        47.355249071970256     
   18.300000000000001        47.581549872159648     
   18.400000000000002        47.812253297439362     
   18.500000000000000        48.049284660408169     
   18.600000000000001        48.294270017103216     
   18.699999999999999        48.548419635084343     
   18.800000000000001        48.812408417099171     
   18.900000000000002        49.086267226645141     
   19.000000000000000        49.369306485727982     
   19.100000000000001        49.660097569826128     
   19.200000000000003        49.956534662765989     
   19.300000000000001        50.255987410823323     
   19.400000000000002        50.555534314953512     
   19.500000000000000        50.852244660970406     
   19.600000000000001        51.143462028332195     
   19.700000000000003        51.427041921833116     
   19.800000000000001        51.701510077338035     
   19.900000000000002        51.966129940081025     
   20.000000000000000        52.220888560573549     
