   0.0000000000000000        0.0000000000000000     
  0.10000000000000001       0.19867220808055114     
  0.20000000000000001       0.39341169605844617     
  0.30000000000000004       0.58241383052932250     
  0.40000000000000002       0.76408184910234822     
  0.50000000000000000       0.93708017362812079     
  0.60000000000000009        1.1003618273601232     
  0.70000000000000007        1.2531713291180366     
  0.80000000000000004        1.3950274590018730     
  0.90000000000000002        1.5256918290103458     
   1.0000000000000000        1.6451293502389643     
   1.1000000000000001        1.7534658724816796     
   1.2000000000000002        1.8509469675696515     
   1.3000000000000000        1.9379004398138651     
   1.4000000000000001        2.0147039335149932     
   1.5000000000000000        2.0817580844395129     
   1.6000000000000001        2.1394650428567221     
   1.7000000000000002        2.1882118367893182     
   1.8000000000000000        2.2283578811056053     
   1.9000000000000001        2.2602259075125084     
   2.0000000000000000        2.2840956403344768     
   2.1000000000000001        2.3001996353207281     
   2.2000000000000002        2.3087208087207709     
   2.3000000000000003        2.3097912968011447     
   2.4000000000000004        2.3034923943579213     
   2.5000000000000000        2.2898554217938507     
   2.6000000000000001        2.2688634638614915     
   2.7000000000000002        2.2404540103488917     
   2.8000000000000003        2.2045226110576905     
   2.9000000000000004        2.1609277348576876     
   3.0000000000000000        2.1094970941833657     
   3.1000000000000001        2.0500357582314770     
   3.2000000000000002        1.9823364228343643     
   3.3000000000000003        1.9061922203448067     
   3.4000000000000004        1.8214124212601897     
   3.5000000000000000        1.7278412777529100     
   3.6000000000000001        1.6253800611615969     
   3.7000000000000002        1.5140120252016149     
   3.8000000000000003        1.3938295680507324     
   3.9000000000000004        1.2650622759059293     
   4.0000000000000000        1.1281038529329985     
   4.1000000000000005       0.98353527563413146     
   4.2000000000000002       0.83214100914677080     
   4.2999999999999998       0.67491498600088984     
   4.4000000000000004       0.51305346749432623     
   4.5000000000000000       0.34793300023813944     
   4.6000000000000005       0.18107340488788873     
   4.7000000000000002        1.4087844266272326E-002
   4.8000000000000007      -0.15137591532739697     
   4.9000000000000004      -0.31369741494205888     
   5.0000000000000000      -0.47134238341702189     
   5.1000000000000005      -0.62291292937645304     
   5.2000000000000002      -0.76718489151333724     
   5.3000000000000007      -0.90313025621269993     
   5.4000000000000004       -1.0299246696232880     
   5.5000000000000000       -1.1469418125646134     
   5.6000000000000005       -1.2537375199869414     
   5.7000000000000002       -1.3500269670291669     
   5.8000000000000007       -1.4356581245510724     
   5.9000000000000004       -1.5105842007901726     
   6.0000000000000000       -1.5748371304763087     
   6.1000000000000005       -1.6285035054784869     
   6.2000000000000002       -1.6717037613393937     
   6.3000000000000007       -1.7045749879195258     
   6.4000000000000004       -1.7272574267704377     
   6.5000000000000000       -1.7398845365421562     
   6.6000000000000005       -1.7425764241310435     
   6.7000000000000002       -1.7354364248652061     
   6.8000000000000007       -1.7185506436395113     
   6.9000000000000004       -1.6919903181422764     
   7.0000000000000000       -1.6558169161751362     
   7.1000000000000005       -1.6100899149052836     
   7.2000000000000002       -1.5548772152732351     
   7.3000000000000007       -1.4902681049229938     
   7.4000000000000004       -1.4163885842411312     
   7.5000000000000000       -1.3334187017254766     
   7.6000000000000005       -1.2416113029827447     
   7.7000000000000002       -1.1413112902241824     
   7.8000000000000007       -1.0329741424075538     
   7.9000000000000004      -0.91718210961069158     
   8.0000000000000000      -0.79465624233240995     
   8.0999999999999996      -0.66626233765475951     
   8.2000000000000011      -0.53300906906936529     
   8.3000000000000007      -0.39603707579529179     
   8.4000000000000004      -0.25659862030203856     
   8.5000000000000000      -0.11602849493454639     
   8.5999999999999996        2.4291999513681134E-002
   8.7000000000000011       0.16297519212005396     
   8.8000000000000007       0.29866786956216129     
   8.9000000000000004       0.43008926718369533     
   9.0000000000000000       0.55606314076323637     
   9.0999999999999996       0.67554171629147686     
   9.2000000000000011       0.78762043207622245     
   9.3000000000000007       0.89154351221919381     
   9.4000000000000004       0.98670134857268055     
   9.5000000000000000        1.0726213027650100     
   9.6000000000000014        1.1489538416101608     
   9.7000000000000011        1.2154559299630423     
   9.8000000000000007        1.2719734070703934     
   9.9000000000000004        1.3184237578271050     
   10.000000000000000        1.3547803391414648     
   10.100000000000001        1.3810587909201477     
   10.200000000000001        1.3973060833906668     
   10.300000000000001        1.4035924391511514     
   10.400000000000000        1.4000062162505111     
   10.500000000000000        1.3866517356144326     
   10.600000000000001        1.3636499657980234     
   10.700000000000001        1.3311419227764816     
   10.800000000000001        1.2892945855910010     
   10.900000000000000        1.2383090558019716     
   11.000000000000000        1.1784305892359495     
   11.100000000000001        1.1099599972073857     
   11.200000000000001        1.0332657534854888     
   11.300000000000001       0.94879596470595706     
   11.400000000000000       0.85708918902682441     
   11.500000000000000       0.75878295527477135     
   11.600000000000001       0.65461878553490704     
   11.700000000000001       0.54544260201320383     
   11.800000000000001       0.43219963764677594     
   11.900000000000000       0.31592337918877966     
   12.000000000000000       0.19771862585106920     
   12.100000000000001        7.8739380795858724E-002
   12.200000000000001       -3.9837091024492607E-002
   12.300000000000001      -0.15683821780960747     
   12.400000000000000      -0.27112400533150277     
   12.500000000000000      -0.38161278446165525     
   12.600000000000001      -0.48730304832060556     
   12.700000000000001      -0.58729011416337451     
   12.800000000000001      -0.68077697010453442     
   12.900000000000000      -0.76707929730016378     
   13.000000000000000      -0.84562519899523658     
   13.100000000000001      -0.91595055761977329     
   13.200000000000001      -0.97769115824958330     
   13.300000000000001       -1.0305727737948847     
   13.400000000000000       -1.0744003389370311     
   13.500000000000000       -1.1090471895540315     
   13.600000000000001       -1.1344451534913214     
   13.700000000000001       -1.1505760795792808     
   13.800000000000001       -1.1574652059539736     
   13.900000000000000       -1.1551766063087918     
   14.000000000000000       -1.1438108153108117     
   14.100000000000001       -1.1235046177970776     
   14.200000000000001       -1.0944328831476648     
   14.300000000000001       -1.0568122283550681     
   14.400000000000000       -1.0109061940952873     
   14.500000000000000      -0.95703151401897224     
   14.600000000000001      -0.89556494960492672     
   14.700000000000001      -0.82695005803759225     
   14.800000000000001      -0.75170317156171840     
   14.900000000000000      -0.67041781186824445     
   15.000000000000000      -0.58376676357206814     
   15.100000000000001      -0.49250110702614330     
   15.200000000000001      -0.39744567625555083     
   15.300000000000001      -0.29949066376591232     
   15.400000000000000      -0.19957942416492319     
   15.500000000000000       -9.8692898112566929E-002
   15.600000000000001        2.1685626883006376E-003
   15.700000000000001       0.10200489585749159     
   15.800000000000001       0.19983630373941463     
   15.900000000000000       0.29472222461771974     
   16.000000000000000       0.38577814461032722     
   16.100000000000001       0.47218934952400443     
   16.199999999999999       0.55322105605500704     
   16.300000000000001       0.62822473209249519     
   16.400000000000002       0.69664076291984833     
   16.500000000000000       0.75799790242605292     
   16.600000000000001       0.81191014248986704     
   16.699999999999999       0.85807173419827321     
   16.800000000000001       0.89625111084167941     
   16.900000000000002       0.92628441294669783     
   17.000000000000000       0.94806922133796512     
   17.100000000000001       0.96155898528967032     
   17.199999999999999       0.96675850494390958     
   17.300000000000001       0.96372070079806293     
   17.400000000000002       0.95254478371070017     
   17.500000000000000       0.93337582823371212     
   17.600000000000001       0.90640564951680125     
   17.699999999999999       0.87187478817320541     
   17.800000000000001       0.83007531766203191     
   17.900000000000002       0.78135410611700817     
   18.000000000000000       0.72611609295422919     
   18.100000000000001       0.66482708670694202     
   18.199999999999999       0.59801556343677564     
   18.300000000000001       0.52627295492203430     
   18.400000000000002       0.45025197176501847     
   18.500000000000000       0.37066261401176243     
   18.600000000000001       0.28826567978084827     
   18.699999999999999       0.20386378116921339     
   18.800000000000001       0.11829009774198118     
   18.900000000000002        3.2395315292968754E-002
   19.000000000000000       -5.2966618028943896E-002
   19.100000000000001      -0.13695316186650147     
   19.200000000000003      -0.21874747885867768     
   19.300000000000001      -0.29757159523936644     
   19.400000000000002      -0.37269778818931143     
   19.500000000000000      -0.44345774252536629     
   19.600000000000001      -0.50924923346529327     
   19.700000000000003      -0.56954030976826764     
   19.800000000000001      -0.62387114630257923     
   19.900000000000002      -0.67185388811475510     
   20.000000000000000      -0.71317090951139417     
   20.100000000000001      -0.74757196030787443     
   20.200000000000003      -0.77487067272027510     
   20.300000000000001      -0.79494086585985757     
   20.400000000000002      -0.80771302131439859     
   20.500000000000000      -0.81317122312435453     
   20.600000000000001      -0.81135076699862951     
   20.700000000000003      -0.80233655300401419     
   20.800000000000001      -0.78626228725579372     
   20.900000000000002      -0.76331043388449593     
   21.000000000000000      -0.73371278057200517     
   21.100000000000001      -0.69775141108882111     
   21.200000000000003      -0.65575981901789060     
   21.300000000000001      -0.60812385169579797     
   21.400000000000002      -0.55528214676256538     
   21.500000000000000      -0.49772572049327007     
   21.600000000000001      -0.43599639179060196     
   21.700000000000003      -0.37068378123671253     
   21.800000000000001      -0.30242071089571149     
   21.900000000000002      -0.23187694355675090     
   22.000000000000000      -0.15975133120302931     
   22.100000000000001       -8.6762578929173245E-002
   22.200000000000003       -1.3638956845384756E-002
   22.300000000000001        5.8892607130151015E-002
   22.400000000000002       0.13011755968543640     
   22.500000000000000       0.19934437257682494     
   22.600000000000001       0.26591434014247511     
   22.700000000000003       0.32921013303141977     
   22.800000000000001       0.38866283007618602     
   22.900000000000002       0.44375728047653140     
   23.000000000000000       0.49403578011652216     
   23.100000000000001       0.53910016455832266     
   23.200000000000003       0.57861251634047395     
   23.300000000000001       0.61229474952444474     
   23.400000000000002       0.63992736835132213     
   23.500000000000000       0.66134770144345578     
   23.600000000000001       0.67644789273543537     
   23.700000000000003       0.68517289097725809     
   23.800000000000001       0.68751862711697687     
   23.900000000000002       0.68353050850513897     
   24.000000000000000       0.67330229517590101     
   24.100000000000001       0.65697536008880708     
   24.200000000000003       0.63473827513487091     
   24.300000000000001       0.60682661053077280     
   24.400000000000002       0.57352278947969482     
   24.500000000000000       0.53515580530646911     
   24.600000000000001       0.49210058743044405     
   24.700000000000003       0.44477679818063537     
   24.800000000000001       0.39364685673792638     
   24.900000000000002       0.33921302049468793     
   25.000000000000000       0.28201340727042745     
   25.100000000000001       0.22261691137271566     
   25.200000000000003       0.16161704734279006     
   25.300000000000001        9.9624840128198777E-002
   25.400000000000002        3.7260960694896310E-002
   25.500000000000000       -2.4852627263386218E-002
   25.600000000000001       -8.6101198762876349E-002
   25.700000000000003      -0.14588564832989326     
   25.800000000000001      -0.20363040255359535     
   25.900000000000002      -0.25879058551749756     
   26.000000000000000      -0.31085821941078179     
   26.100000000000001      -0.35936731855012388     
   26.200000000000003      -0.40389781679209558     
   26.300000000000001      -0.44407834710066074     
   26.400000000000002      -0.47958796042074209     
   26.500000000000000      -0.51015692371043164     
   26.600000000000001      -0.53556677117109430     
   26.700000000000003      -0.55564979788255253     
   26.800000000000001      -0.57028818257850500     
   26.900000000000002      -0.57941290885176422     
   27.000000000000000      -0.58300262501727407     
   27.100000000000001      -0.58108254574066498     
   27.200000000000003      -0.57372345678729808     
   27.300000000000001      -0.56104084098873586     
   27.400000000000002      -0.54319410155511261     
   27.500000000000000      -0.52038582069180717     
   27.600000000000001      -0.49286095939891067     
   27.700000000000003      -0.46090588045388181     
   27.800000000000001      -0.42484706279792633     
   27.900000000000002      -0.38504937341937251     
   28.000000000000000      -0.34191377335200612     
   28.100000000000001      -0.29587435776201532     
   28.200000000000003      -0.24739466538363378     
   28.300000000000001      -0.19696323762429208     
   28.400000000000002      -0.14508845906391937     
   28.500000000000000       -9.2292764310634184E-002
   28.600000000000001       -3.9106346086027234E-002
   28.700000000000003        1.3939459195749737E-002
   28.800000000000001        6.6318903731969386E-002
   28.900000000000002       0.11751846172313289     
   29.000000000000000       0.16704315237141804     
   29.100000000000001       0.21442236304024290     
   29.200000000000003       0.25921501918612749     
   29.300000000000001       0.30101399355294395     
   29.400000000000002       0.33944969777338369     
   29.500000000000000       0.37419284978719253     
   29.600000000000001       0.40495645574077649     
   29.700000000000003       0.43149708169930706     
   29.800000000000001       0.45361551630929026     
   29.900000000000002       0.47115693957163823     
   30.000000000000000       0.48401071539774532     
   30.100000000000001       0.49210991783826091     
   30.200000000000003       0.49543068464665208     
   30.300000000000001       0.49399146936913230     
   30.400000000000002       0.48785223676434103     
   30.500000000000000       0.47711361834191890     
   30.600000000000001       0.46191601733498799     
   30.700000000000003       0.44243862748151330     
   30.800000000000001       0.41889830937782574     
   30.900000000000002       0.39154825344492705     
   31.000000000000000       0.36067635098324485     
   31.100000000000001       0.32660319527056120     
   31.200000000000003       0.28967964356901410     
   31.300000000000001       0.25028388801923457     
   31.400000000000002       0.20881800776718118     
   31.500000000000000       0.16570400459819384     
   31.600000000000001       0.12137935746085070     
   31.700000000000003        7.6292164650916150E-002
   31.800000000000001        3.0895972955663098E-002
   31.900000000000002       -1.4355582286707129E-002
   32.000000000000000       -5.9014185994629195E-002
   32.100000000000001      -0.10264215459983300     
   32.200000000000003      -0.14481750779117697     
   32.300000000000004      -0.18513867332687881     
   32.399999999999999      -0.22322872048490344     
   32.500000000000000      -0.25873904668223324     
   32.600000000000001      -0.29135247377082713     
   32.700000000000003      -0.32078574246023689     
   32.800000000000004      -0.34679142244078814     
   32.899999999999999      -0.36915927985381131     
   33.000000000000000      -0.38771716126498063     
   33.100000000000001      -0.40233146350794713     
   33.200000000000003      -0.41290726167317743     
   33.300000000000004      -0.41938816373045812     
   33.399999999999999      -0.42175595086369511     
   33.500000000000000      -0.42003004893746443     
   33.600000000000001      -0.41426686014122260     
   33.700000000000003      -0.40455896634965832     
   33.800000000000004      -0.39103419863489203     
   33.899999999999999      -0.37385455209870611     
   34.000000000000000      -0.35321491302914959     
   34.100000000000001      -0.32934155737973320     
   34.200000000000003      -0.30249037650409788     
   34.300000000000004      -0.27294478840517100     
   34.399999999999999      -0.24101330053312919     
   34.500000000000000      -0.20702670300785470     
   34.600000000000001      -0.17133488820534604     
   34.700000000000003      -0.13430331265325321     
   34.800000000000004       -9.6309138489258150E-002
   34.899999999999999       -5.7737112484580425E-002
   35.000000000000000       -1.8975258919306556E-002
   35.100000000000001        1.9589523319924008E-002
   35.200000000000003        5.7575860529053079E-002
   35.300000000000004        9.4612199835198474E-002
   35.399999999999999       0.13034090409870031     
   35.500000000000000       0.16442205995139769     
   35.600000000000001       0.19653692832509939     
   35.700000000000003       0.22639098574419508     
   35.800000000000004       0.25371652523946758     
   35.899999999999999       0.27827480616274525     
   36.000000000000000       0.29985776078130605     
   36.100000000000001       0.31828928096236070     
   36.200000000000003       0.33342611959536966     
   36.300000000000004       0.34515844817498958     
   36.399999999999999       0.35341011415445239     
   36.500000000000000       0.35813863963945625     
   36.600000000000001       0.35933499739388075     
   36.700000000000003       0.35702319185475445     
   36.800000000000004       0.35125966291679167     
   36.899999999999999       0.34213251970679054     
   37.000000000000000       0.32976060146541042     
   37.100000000000001       0.31429235394973309     
   37.200000000000003       0.29590450329586826     
   37.300000000000004       0.27480050569128811     
   37.399999999999999       0.25120875093670897     
   37.500000000000000       0.22538050120562264     
   37.600000000000001       0.19758755293036295     
   37.700000000000003       0.16811961935588582     
   37.800000000000004       0.13728144322163105     
   37.899999999999999       0.10538966232975051     
   38.000000000000000        7.2769464333207232E-002
   38.100000000000001        3.9751079752557768E-002
   38.200000000000003        6.6661728684474300E-003
   38.300000000000004       -2.6155802238585990E-002
   38.400000000000006       -5.8391209325662274E-002
   38.500000000000000       -8.9725730301347367E-002
   38.600000000000001      -0.11985769143419657     
   38.700000000000003      -0.14850115652521242     
   38.800000000000004      -0.17538873885296247     
   38.900000000000006      -0.20027409635058849     
   39.000000000000000      -0.22293408793615266     
   39.100000000000001      -0.24317058209224945     
   39.200000000000003      -0.26081192068827946     
   39.300000000000004      -0.27571405086725187     
   39.400000000000006      -0.28776134503996154     
   39.500000000000000      -0.29686713338117349     
   39.600000000000001      -0.30297397471355014     
   39.700000000000003      -0.30605369054408044     
   39.800000000000004      -0.30610718372755574     
   39.900000000000006      -0.30316405835523741     
   40.000000000000000      -0.29728205167147331     
   40.100000000000001      -0.28854628280401401     
   40.200000000000003      -0.27706831753305705     
   40.300000000000004      -0.26298504383349647     
   40.400000000000006      -0.24645735001503483     
   40.500000000000000      -0.22766859632912223     
   40.600000000000001      -0.20682287211884354     
   40.700000000000003      -0.18414303398267062     
   40.800000000000004      -0.15986852583785718     
   40.900000000000006      -0.13425298884959341     
   41.000000000000000      -0.10756167741776920     
   41.100000000000001       -8.0068706137258236E-002
   41.200000000000003       -5.2054161150254102E-002
   41.300000000000004       -2.3801116863744493E-002
   41.400000000000006        4.4073950507705247E-003
   41.500000000000000        3.2291413655337768E-002
   41.600000000000001        5.9577021702796149E-002
   41.700000000000003        8.5999212800071945E-002
   41.800000000000004       0.11130460579962330     
   41.900000000000006       0.13525396537355128     
   42.000000000000000       0.15762449530357853     
   42.100000000000001       0.17821187961412058     
   42.200000000000003       0.19683205560247130     
   42.300000000000004       0.21332271141483211     
   42.400000000000006       0.22754450849429511     
   42.500000000000000       0.23938203552944956     
   42.600000000000001       0.24874450516084703     
   42.700000000000003       0.25556620752846138     
   42.800000000000004       0.25980673580361080     
   42.900000000000006       0.26145099832796392     
   43.000000000000000       0.26050903018366101     
   43.100000000000001       0.25701561433062803     
   43.200000000000003       0.25102971930666829     
   43.300000000000004       0.24263375734184905     
   43.400000000000006       0.23193266401788115     
   43.500000000000000       0.21905279867929242     
   43.600000000000001       0.20414066396994646     
   43.700000000000003       0.18736144331803264     
   43.800000000000004       0.16889735700035294     
   43.900000000000006       0.14894584053328797     
   44.000000000000000       0.12771755339062868     
   44.100000000000001       0.10543423115272924     
   44.200000000000003        8.2326399771630018E-002
   44.300000000000004        5.8630976257495387E-002
   44.400000000000006        3.4588785295870575E-002
   44.500000000000000        1.0442025656506197E-002
   44.600000000000001       -1.3568276620980188E-002
   44.700000000000003       -3.7204789656030475E-002
   44.800000000000004       -6.0236333188126115E-002
   44.900000000000006       -8.2440235170555862E-002
   45.000000000000000      -0.10360455380690041     
   45.100000000000001      -0.12353013582061138     
   45.200000000000003      -0.14203248715005959     
   45.300000000000004      -0.15894343817732115     
   45.400000000000006      -0.17411259160422315     
   45.500000000000000      -0.18740854678249827     
   45.600000000000001      -0.19871989934312759     
   45.700000000000003      -0.20795601909439068     
   45.800000000000004      -0.21504761221065896     
   45.900000000000006      -0.21994707566240923     
   46.000000000000000      -0.22262865269173307     
   46.100000000000001      -0.22308839805528075     
   46.200000000000003      -0.22134396094717207     
   46.300000000000004      -0.21743419223525332     
   46.400000000000006      -0.21141858117669735     
   46.500000000000000      -0.20337652540493673     
   46.600000000000001      -0.19340643695823379     
   46.700000000000003      -0.18162468666686676     
   46.800000000000004      -0.16816438948732859     
   46.900000000000006      -0.15317403445243694     
   47.000000000000000      -0.13681596480098604     
   47.100000000000001      -0.11926471648425666     
   47.200000000000003      -0.10070522646880539     
   47.300000000000004       -8.1330925851338123E-002
   47.400000000000006       -6.1341736511999992E-002
   47.500000000000000       -4.0941993573384780E-002
   47.600000000000001       -2.0338319022100391E-002
   47.700000000000003        2.6252576627055352E-004
   47.800000000000004        2.0655779381974642E-002
   47.900000000000006        4.0640781962574660E-002
   48.000000000000000        6.0023010000477398E-002
   48.100000000000001        7.8616017079303768E-002
   48.200000000000003        9.6243255877086556E-002
   48.300000000000004       0.11273976015342617     
   48.400000000000006       0.12795366932401472     
   48.500000000000000       0.14174758235693508     
   48.600000000000001       0.15399973183756294     
   48.700000000000003       0.16460497290186199     
   48.800000000000004       0.17347558513245362     
   48.900000000000006       0.18054188830534337     
   49.000000000000000       0.18575267498907197     
   49.100000000000001       0.18907546441967302     
   49.200000000000003       0.19049658285326296     
   49.300000000000004       0.19002107583525105     
   49.400000000000006       0.18767245766318466     
   49.500000000000000       0.18349230292670224     
   49.600000000000001       0.17753968456010716     
   49.700000000000003       0.16989046251175191     
   49.800000000000004       0.16063642707015538     
   49.900000000000006       0.14988430120687815     
   50.000000000000000       0.13775460707514389     
