  -10.000000000000000        0.0000000000000000     
  -9.0000000000000000        0.0000000000000000     
  -8.0000000000000000        0.0000000000000000     
  -7.0000000000000000        0.0000000000000000     
  -6.0000000000000000        0.0000000000000000     
  -5.0000000000000000        0.0000000000000000     
  -4.0000000000000000        0.0000000000000000     
  -3.0000000000000000        0.0000000000000000     
  -2.0000000000000000        0.0000000000000000     
  -1.0000000000000000        0.0000000000000000     
   0.0000000000000000        0.0000000000000000     
   1.0000000000000000       0.13533528323661270     
   2.0000000000000000        7.3262555554936715E-002
   3.0000000000000000        2.2308769589997227E-002
   4.0000000000000000        5.3674020464401897E-003
   5.0000000000000000        1.1349982440621213E-003
   6.0000000000000000        2.2119164471981554E-004
   7.0000000000000000        4.0744907236074827E-005
   8.0000000000000000        7.2022511820325835E-006
   9.0000000000000000        1.2336283593217230E-006
   10.000000000000000        2.0611536224385579E-007
