  -1.0000000000000000        0.0000000000000000     
 -0.99500000000000000        0.0000000000000000     
 -0.98999999999999999        0.0000000000000000     
 -0.98499999999999999        0.0000000000000000     
 -0.97999999999999998        0.0000000000000000     
 -0.97499999999999998        0.0000000000000000     
 -0.96999999999999997        0.0000000000000000     
 -0.96499999999999997        0.0000000000000000     
 -0.95999999999999996        0.0000000000000000     
 -0.95500000000000007        0.0000000000000000     
 -0.95000000000000007        0.0000000000000000     
 -0.94500000000000006        0.0000000000000000     
 -0.94000000000000006        0.0000000000000000     
 -0.93500000000000005        0.0000000000000000     
 -0.93000000000000005        0.0000000000000000     
 -0.92500000000000004        0.0000000000000000     
 -0.92000000000000004        0.0000000000000000     
 -0.91500000000000004        0.0000000000000000     
 -0.91000000000000003        0.0000000000000000     
 -0.90500000000000003        0.0000000000000000     
 -0.90000000000000002        0.0000000000000000     
 -0.89500000000000002        0.0000000000000000     
 -0.89000000000000001        0.0000000000000000     
 -0.88500000000000001        0.0000000000000000     
 -0.88000000000000000        0.0000000000000000     
 -0.87500000000000000        0.0000000000000000     
 -0.87000000000000000        0.0000000000000000     
 -0.86499999999999999        0.0000000000000000     
 -0.85999999999999999        0.0000000000000000     
 -0.85499999999999998        0.0000000000000000     
 -0.84999999999999998        0.0000000000000000     
 -0.84499999999999997        0.0000000000000000     
 -0.83999999999999997        0.0000000000000000     
 -0.83499999999999996        0.0000000000000000     
 -0.83000000000000007        0.0000000000000000     
 -0.82500000000000007        0.0000000000000000     
 -0.82000000000000006        0.0000000000000000     
 -0.81500000000000006        0.0000000000000000     
 -0.81000000000000005        0.0000000000000000     
 -0.80500000000000005        0.0000000000000000     
 -0.80000000000000004        0.0000000000000000     
 -0.79500000000000004        0.0000000000000000     
 -0.79000000000000004        0.0000000000000000     
 -0.78500000000000003        0.0000000000000000     
 -0.78000000000000003        0.0000000000000000     
 -0.77500000000000002        0.0000000000000000     
 -0.77000000000000002        0.0000000000000000     
 -0.76500000000000001        0.0000000000000000     
 -0.76000000000000001        0.0000000000000000     
 -0.75500000000000000        0.0000000000000000     
 -0.75000000000000000        0.0000000000000000     
 -0.74500000000000000        0.0000000000000000     
 -0.73999999999999999        0.0000000000000000     
 -0.73499999999999999        0.0000000000000000     
 -0.72999999999999998        0.0000000000000000     
 -0.72499999999999998        0.0000000000000000     
 -0.71999999999999997        0.0000000000000000     
 -0.71499999999999997        0.0000000000000000     
 -0.70999999999999996        0.0000000000000000     
 -0.70499999999999996        0.0000000000000000     
 -0.70000000000000007        0.0000000000000000     
 -0.69500000000000006        0.0000000000000000     
 -0.69000000000000006        0.0000000000000000     
 -0.68500000000000005        0.0000000000000000     
 -0.68000000000000005        0.0000000000000000     
 -0.67500000000000004        0.0000000000000000     
 -0.67000000000000004        0.0000000000000000     
 -0.66500000000000004        0.0000000000000000     
 -0.66000000000000003        0.0000000000000000     
 -0.65500000000000003        0.0000000000000000     
 -0.65000000000000002        0.0000000000000000     
 -0.64500000000000002        0.0000000000000000     
 -0.64000000000000001        0.0000000000000000     
 -0.63500000000000001        0.0000000000000000     
 -0.63000000000000000        0.0000000000000000     
 -0.62500000000000000        0.0000000000000000     
 -0.62000000000000000        0.0000000000000000     
 -0.61499999999999999        0.0000000000000000     
 -0.60999999999999999        0.0000000000000000     
 -0.60499999999999998        0.0000000000000000     
 -0.59999999999999998        0.0000000000000000     
 -0.59499999999999997        0.0000000000000000     
 -0.58999999999999997        0.0000000000000000     
 -0.58499999999999996        0.0000000000000000     
 -0.57999999999999996        0.0000000000000000     
 -0.57500000000000007        0.0000000000000000     
 -0.57000000000000006        0.0000000000000000     
 -0.56500000000000006        0.0000000000000000     
 -0.56000000000000005        0.0000000000000000     
 -0.55500000000000005        0.0000000000000000     
 -0.55000000000000004        0.0000000000000000     
 -0.54500000000000004        0.0000000000000000     
 -0.54000000000000004        0.0000000000000000     
 -0.53500000000000003        0.0000000000000000     
 -0.53000000000000003        0.0000000000000000     
 -0.52500000000000002        0.0000000000000000     
 -0.52000000000000002        0.0000000000000000     
 -0.51500000000000001        0.0000000000000000     
 -0.51000000000000001        0.0000000000000000     
 -0.50500000000000000        0.0000000000000000     
 -0.50000000000000000        0.0000000000000000     
 -0.49500000000000000        0.0000000000000000     
 -0.48999999999999999        0.0000000000000000     
 -0.48499999999999999        0.0000000000000000     
 -0.47999999999999998        0.0000000000000000     
 -0.47500000000000003        0.0000000000000000     
 -0.47000000000000003        0.0000000000000000     
 -0.46500000000000002        0.0000000000000000     
 -0.46000000000000002        0.0000000000000000     
 -0.45500000000000002        0.0000000000000000     
 -0.45000000000000001        0.0000000000000000     
 -0.44500000000000001        0.0000000000000000     
 -0.44000000000000000        0.0000000000000000     
 -0.43500000000000000        0.0000000000000000     
 -0.42999999999999999        0.0000000000000000     
 -0.42499999999999999        0.0000000000000000     
 -0.41999999999999998        0.0000000000000000     
 -0.41500000000000004        0.0000000000000000     
 -0.41000000000000003        0.0000000000000000     
 -0.40500000000000003        0.0000000000000000     
 -0.40000000000000002        0.0000000000000000     
 -0.39500000000000002        0.0000000000000000     
 -0.39000000000000001        0.0000000000000000     
 -0.38500000000000001        0.0000000000000000     
 -0.38000000000000000        0.0000000000000000     
 -0.37500000000000000        0.0000000000000000     
 -0.37000000000000000        0.0000000000000000     
 -0.36499999999999999        0.0000000000000000     
 -0.35999999999999999        0.0000000000000000     
 -0.35499999999999998        0.0000000000000000     
 -0.35000000000000003        0.0000000000000000     
 -0.34500000000000003        0.0000000000000000     
 -0.34000000000000002        0.0000000000000000     
 -0.33500000000000002        0.0000000000000000     
 -0.33000000000000002        0.0000000000000000     
 -0.32500000000000001        0.0000000000000000     
 -0.32000000000000001        0.0000000000000000     
 -0.31500000000000000        0.0000000000000000     
 -0.31000000000000000        0.0000000000000000     
 -0.30499999999999999        0.0000000000000000     
 -0.29999999999999999        0.0000000000000000     
 -0.29499999999999998        0.0000000000000000     
 -0.28999999999999998        0.0000000000000000     
 -0.28500000000000003        0.0000000000000000     
 -0.28000000000000003        0.0000000000000000     
 -0.27500000000000002        0.0000000000000000     
 -0.27000000000000002        0.0000000000000000     
 -0.26500000000000001        0.0000000000000000     
 -0.26000000000000001        0.0000000000000000     
 -0.25500000000000000        0.0000000000000000     
 -0.25000000000000000        0.0000000000000000     
 -0.24500000000000000        0.0000000000000000     
 -0.23999999999999999        0.0000000000000000     
 -0.23500000000000001        0.0000000000000000     
 -0.23000000000000001        0.0000000000000000     
 -0.22500000000000001        0.0000000000000000     
 -0.22000000000000000        0.0000000000000000     
 -0.21500000000000000        0.0000000000000000     
 -0.20999999999999999        0.0000000000000000     
 -0.20500000000000002        0.0000000000000000     
 -0.20000000000000001        0.0000000000000000     
 -0.19500000000000001        0.0000000000000000     
 -0.19000000000000000        0.0000000000000000     
 -0.18500000000000000        0.0000000000000000     
 -0.17999999999999999        0.0000000000000000     
 -0.17500000000000002        0.0000000000000000     
 -0.17000000000000001        0.0000000000000000     
 -0.16500000000000001        0.0000000000000000     
 -0.16000000000000000        0.0000000000000000     
 -0.15500000000000000        0.0000000000000000     
 -0.14999999999999999        0.0000000000000000     
 -0.14499999999999999        0.0000000000000000     
 -0.14000000000000001        0.0000000000000000     
 -0.13500000000000001        0.0000000000000000     
 -0.13000000000000000        0.0000000000000000     
 -0.12500000000000000        0.0000000000000000     
 -0.12000000000000000        0.0000000000000000     
 -0.11500000000000000        0.0000000000000000     
 -0.11000000000000000        0.0000000000000000     
 -0.10500000000000000        0.0000000000000000     
 -0.10000000000000001        0.0000000000000000     
  -9.5000000000000001E-002   0.0000000000000000     
  -8.9999999999999997E-002   0.0000000000000000     
  -8.5000000000000006E-002   0.0000000000000000     
  -8.0000000000000002E-002   0.0000000000000000     
  -7.4999999999999997E-002   0.0000000000000000     
  -7.0000000000000007E-002   0.0000000000000000     
  -6.5000000000000002E-002   0.0000000000000000     
  -5.9999999999999998E-002   0.0000000000000000     
  -5.5000000000000000E-002   0.0000000000000000     
  -5.0000000000000003E-002   0.0000000000000000     
  -4.4999999999999998E-002   0.0000000000000000     
  -4.0000000000000001E-002   0.0000000000000000     
  -3.5000000000000003E-002   0.0000000000000000     
  -2.9999999999999999E-002   0.0000000000000000     
  -2.5000000000000001E-002   0.0000000000000000     
  -2.0000000000000000E-002   0.0000000000000000     
  -1.4999999999999999E-002   0.0000000000000000     
  -1.0000000000000000E-002   0.0000000000000000     
  -5.0000000000000001E-003   0.0000000000000000     
   0.0000000000000000        0.0000000000000000     
   5.0000000000000001E-003   5.0000000000000000     
   1.0000000000000000E-002   5.0000000000000000     
   1.4999999999999999E-002   5.0000000000000000     
   2.0000000000000000E-002   5.0000000000000000     
   2.5000000000000001E-002   5.0000000000000000     
   2.9999999999999999E-002   5.0000000000000000     
   3.5000000000000003E-002   5.0000000000000000     
   4.0000000000000001E-002   5.0000000000000000     
   4.4999999999999998E-002   5.0000000000000000     
   5.0000000000000003E-002   5.0000000000000000     
   5.5000000000000000E-002   5.0000000000000000     
   5.9999999999999998E-002   5.0000000000000000     
   6.5000000000000002E-002   5.0000000000000000     
   7.0000000000000007E-002   5.0000000000000000     
   7.4999999999999997E-002   5.0000000000000000     
   8.0000000000000002E-002   5.0000000000000000     
   8.5000000000000006E-002   5.0000000000000000     
   8.9999999999999997E-002   5.0000000000000000     
   9.5000000000000001E-002   5.0000000000000000     
  0.10000000000000001        5.0000000000000000     
  0.10500000000000000        5.0000000000000000     
  0.11000000000000000        5.0000000000000000     
  0.11500000000000000        5.0000000000000000     
  0.12000000000000000        5.0000000000000000     
  0.12500000000000000        5.0000000000000000     
  0.13000000000000000        5.0000000000000000     
  0.13500000000000001        5.0000000000000000     
  0.14000000000000001        5.0000000000000000     
  0.14499999999999999        5.0000000000000000     
  0.14999999999999999        5.0000000000000000     
  0.15500000000000000        5.0000000000000000     
  0.16000000000000000        5.0000000000000000     
  0.16500000000000001        5.0000000000000000     
  0.17000000000000001        5.0000000000000000     
  0.17500000000000002        5.0000000000000000     
  0.17999999999999999        5.0000000000000000     
  0.18500000000000000        5.0000000000000000     
  0.19000000000000000        5.0000000000000000     
  0.19500000000000001        5.0000000000000000     
  0.20000000000000001        5.0000000000000000     
  0.20500000000000002        0.0000000000000000     
  0.20999999999999999        0.0000000000000000     
  0.21500000000000000        0.0000000000000000     
  0.22000000000000000        0.0000000000000000     
  0.22500000000000001        0.0000000000000000     
  0.23000000000000001        0.0000000000000000     
  0.23500000000000001        0.0000000000000000     
  0.23999999999999999        0.0000000000000000     
  0.24500000000000000        0.0000000000000000     
  0.25000000000000000        0.0000000000000000     
  0.25500000000000000        0.0000000000000000     
  0.26000000000000001        0.0000000000000000     
  0.26500000000000001        0.0000000000000000     
  0.27000000000000002        0.0000000000000000     
  0.27500000000000002        0.0000000000000000     
  0.28000000000000003        0.0000000000000000     
  0.28500000000000003        0.0000000000000000     
  0.28999999999999998        0.0000000000000000     
  0.29499999999999998        0.0000000000000000     
  0.29999999999999999        0.0000000000000000     
  0.30499999999999999        0.0000000000000000     
  0.31000000000000000        0.0000000000000000     
  0.31500000000000000        0.0000000000000000     
  0.32000000000000001        0.0000000000000000     
  0.32500000000000001        0.0000000000000000     
  0.33000000000000002        0.0000000000000000     
  0.33500000000000002        0.0000000000000000     
  0.34000000000000002        0.0000000000000000     
  0.34500000000000003        0.0000000000000000     
  0.35000000000000003        0.0000000000000000     
  0.35499999999999998        0.0000000000000000     
  0.35999999999999999        0.0000000000000000     
  0.36499999999999999        0.0000000000000000     
  0.37000000000000000        0.0000000000000000     
  0.37500000000000000        0.0000000000000000     
  0.38000000000000000        0.0000000000000000     
  0.38500000000000001        0.0000000000000000     
  0.39000000000000001        0.0000000000000000     
  0.39500000000000002        0.0000000000000000     
  0.40000000000000002        0.0000000000000000     
  0.40500000000000003        0.0000000000000000     
  0.41000000000000003        0.0000000000000000     
  0.41500000000000004        0.0000000000000000     
  0.41999999999999998        0.0000000000000000     
  0.42499999999999999        0.0000000000000000     
  0.42999999999999999        0.0000000000000000     
  0.43500000000000000        0.0000000000000000     
  0.44000000000000000        0.0000000000000000     
  0.44500000000000001        0.0000000000000000     
  0.45000000000000001        0.0000000000000000     
  0.45500000000000002        0.0000000000000000     
  0.46000000000000002        0.0000000000000000     
  0.46500000000000002        0.0000000000000000     
  0.47000000000000003        0.0000000000000000     
  0.47500000000000003        0.0000000000000000     
  0.47999999999999998        0.0000000000000000     
  0.48499999999999999        0.0000000000000000     
  0.48999999999999999        0.0000000000000000     
  0.49500000000000000        0.0000000000000000     
  0.50000000000000000        0.0000000000000000     
  0.50500000000000000        0.0000000000000000     
  0.51000000000000001        0.0000000000000000     
  0.51500000000000001        0.0000000000000000     
  0.52000000000000002        0.0000000000000000     
  0.52500000000000002        0.0000000000000000     
  0.53000000000000003        0.0000000000000000     
  0.53500000000000003        0.0000000000000000     
  0.54000000000000004        0.0000000000000000     
  0.54500000000000004        0.0000000000000000     
  0.55000000000000004        0.0000000000000000     
  0.55500000000000005        0.0000000000000000     
  0.56000000000000005        0.0000000000000000     
  0.56500000000000006        0.0000000000000000     
  0.57000000000000006        0.0000000000000000     
  0.57500000000000007        0.0000000000000000     
  0.57999999999999996        0.0000000000000000     
  0.58499999999999996        0.0000000000000000     
  0.58999999999999997        0.0000000000000000     
  0.59499999999999997        0.0000000000000000     
  0.59999999999999998        0.0000000000000000     
  0.60499999999999998        0.0000000000000000     
  0.60999999999999999        0.0000000000000000     
  0.61499999999999999        0.0000000000000000     
  0.62000000000000000        0.0000000000000000     
  0.62500000000000000        0.0000000000000000     
  0.63000000000000000        0.0000000000000000     
  0.63500000000000001        0.0000000000000000     
  0.64000000000000001        0.0000000000000000     
  0.64500000000000002        0.0000000000000000     
  0.65000000000000002        0.0000000000000000     
  0.65500000000000003        0.0000000000000000     
  0.66000000000000003        0.0000000000000000     
  0.66500000000000004        0.0000000000000000     
  0.67000000000000004        0.0000000000000000     
  0.67500000000000004        0.0000000000000000     
  0.68000000000000005        0.0000000000000000     
  0.68500000000000005        0.0000000000000000     
  0.69000000000000006        0.0000000000000000     
  0.69500000000000006        0.0000000000000000     
  0.70000000000000007        0.0000000000000000     
  0.70499999999999996        0.0000000000000000     
  0.70999999999999996        0.0000000000000000     
  0.71499999999999997        0.0000000000000000     
  0.71999999999999997        0.0000000000000000     
  0.72499999999999998        0.0000000000000000     
  0.72999999999999998        0.0000000000000000     
  0.73499999999999999        0.0000000000000000     
  0.73999999999999999        0.0000000000000000     
  0.74500000000000000        0.0000000000000000     
  0.75000000000000000        0.0000000000000000     
  0.75500000000000000        0.0000000000000000     
  0.76000000000000001        0.0000000000000000     
  0.76500000000000001        0.0000000000000000     
  0.77000000000000002        0.0000000000000000     
  0.77500000000000002        0.0000000000000000     
  0.78000000000000003        0.0000000000000000     
  0.78500000000000003        0.0000000000000000     
  0.79000000000000004        0.0000000000000000     
  0.79500000000000004        0.0000000000000000     
  0.80000000000000004        0.0000000000000000     
  0.80500000000000005        0.0000000000000000     
  0.81000000000000005        0.0000000000000000     
  0.81500000000000006        0.0000000000000000     
  0.82000000000000006        0.0000000000000000     
  0.82500000000000007        0.0000000000000000     
  0.83000000000000007        0.0000000000000000     
  0.83499999999999996        0.0000000000000000     
  0.83999999999999997        0.0000000000000000     
  0.84499999999999997        0.0000000000000000     
  0.84999999999999998        0.0000000000000000     
  0.85499999999999998        0.0000000000000000     
  0.85999999999999999        0.0000000000000000     
  0.86499999999999999        0.0000000000000000     
  0.87000000000000000        0.0000000000000000     
  0.87500000000000000        0.0000000000000000     
  0.88000000000000000        0.0000000000000000     
  0.88500000000000001        0.0000000000000000     
  0.89000000000000001        0.0000000000000000     
  0.89500000000000002        0.0000000000000000     
  0.90000000000000002        0.0000000000000000     
  0.90500000000000003        0.0000000000000000     
  0.91000000000000003        0.0000000000000000     
  0.91500000000000004        0.0000000000000000     
  0.92000000000000004        0.0000000000000000     
  0.92500000000000004        0.0000000000000000     
  0.93000000000000005        0.0000000000000000     
  0.93500000000000005        0.0000000000000000     
  0.94000000000000006        0.0000000000000000     
  0.94500000000000006        0.0000000000000000     
  0.95000000000000007        0.0000000000000000     
  0.95500000000000007        0.0000000000000000     
  0.95999999999999996        0.0000000000000000     
  0.96499999999999997        0.0000000000000000     
  0.96999999999999997        0.0000000000000000     
  0.97499999999999998        0.0000000000000000     
  0.97999999999999998        0.0000000000000000     
  0.98499999999999999        0.0000000000000000     
  0.98999999999999999        0.0000000000000000     
  0.99500000000000000        0.0000000000000000     
   1.0000000000000000        0.0000000000000000     
